1515,1228,1
1515,1228,1
1514,1227,1
1514,1227,1
1514,1227,1
1513,1226,1
1513,1226,1
1513,1226,1
1512,1225,1
1512,1225,1
1511,1224,1
1511,1224,1
1511,1224,1
1510,1223,1
1510,1223,1
1510,1223,1
1509,1222,1
1509,1222,1
1508,1221,1
1508,1221,1
1508,1221,1
1507,1220,1
1507,1220,1
1507,1220,1
1506,1219,1
1506,1219,1
1505,1219,1
1505,1218,1
1505,1218,1
1504,1217,1
1504,1217,1
1504,1217,1
1503,1216,1
1503,1216,1
1502,1216,1
1502,1215,1
1502,1215,1
1501,1215,1
1501,1214,1
1501,1214,1
1500,1213,1
1500,1213,1
1499,1213,1
1499,1212,1
1499,1212,1
1498,1212,1
1498,1211,1
1498,1211,1
1497,1210,1
1497,1210,1
1496,1210,1
1496,1209,1
1496,1209,1
1495,1209,1
1495,1208,1
1495,1208,1
1494,1208,1
1494,1207,1
1493,1207,1
1493,1207,1
1493,1206,1
1492,1206,1
1492,1206,1
1492,1205,1
1491,1205,1
1491,1205,1
1490,1204,1
1490,1204,1
1490,1204,1
1489,1203,1
1489,1203,1
1489,1203,1
1488,1202,1
1488,1202,1
1488,1202,1
1487,1201,1
1487,1201,1
1486,1200,1
1486,1200,1
1486,1200,1
1485,1199,1
1485,1199,1
1485,1199,1
1484,1198,1
1484,1198,1
1483,1198,1
1483,1197,1
1483,1197,1
1482,1197,1
1482,1196,1
1482,1196,1
1481,1196,1
1481,1195,1
1481,1195,1
1480,1195,1
1480,1194,1
1479,1194,1
1479,1194,1
1479,1193,1
1478,1193,1
1478,1193,1
1478,1192,1
1477,1192,1
1477,1192,1
1477,1191,1
1476,1191,1
1476,1191,1
1475,1190,1
1475,1190,1
1475,1190,1
1474,1189,1
1474,1189,1
1474,1189,1
1473,1188,1
1473,1188,1
1473,1188,1
1472,1187,1
1472,1187,1
1471,1187,1
1471,1186,1
1471,1186,1
1470,1186,1
1470,1186,1
1470,1185,1
1469,1185,1
1469,1185,1
1469,1184,1
1468,1184,1
1468,1184,1
1468,1183,1
1467,1183,1
1467,1183,1
1466,1182,1
1466,1182,1
1466,1182,1
1465,1181,1
1465,1181,1
1465,1181,1
1464,1180,1
1464,1180,1
1464,1180,1
1463,1179,1
1463,1179,1
1462,1179,1
1462,1178,1
1462,1178,1
1461,1178,1
1461,1178,1
1461,1177,1
1460,1177,1
1460,1177,1
1460,1176,1
1459,1176,1
1459,1176,1
1459,1175,1
1458,1175,1
1458,1175,1
1457,1174,1
1457,1174,1
1457,1174,1
1456,1174,1
1456,1173,1
1456,1173,1
1455,1173,1
1455,1172,1
1455,1172,1
1454,1172,1
1454,1171,1
1454,1171,1
1453,1171,1
1453,1171,1
1452,1170,1
1452,1170,1
1452,1170,1
1451,1169,1
1451,1169,1
1451,1169,1
1450,1168,1
1450,1168,1
1450,1168,1
1449,1168,1
1449,1167,1
1449,1167,1
1448,1167,1
1448,1166,1
1447,1166,1
1447,1166,1
1447,1165,1
1446,1165,1
1446,1165,1
1446,1165,1
1445,1164,1
1445,1164,1
1445,1164,1
1444,1163,1
1444,1163,1
1444,1163,1
1443,1163,1
1443,1162,1
1442,1162,1
1442,1162,1
1442,1161,1
1441,1161,1
1441,1161,1
1441,1161,1
1440,1160,1
1440,1160,1
1440,1160,1
1439,1160,1
1439,1159,1
1439,1159,1
1438,1159,1
1438,1158,1
1438,1158,1
1437,1158,1
1437,1158,1
1437,1157,1
1436,1157,1
1436,1157,1
1436,1157,1
1435,1156,1
1435,1156,1
1435,1156,1
1434,1156,1
1434,1155,1
1434,1155,1
1433,1155,1
1433,1155,1
1433,1154,1
1432,1154,1
1432,1154,1
1432,1154,1
1431,1153,1
1431,1153,1
1431,1153,1
1430,1153,1
1430,1152,1
1430,1152,1
1429,1152,1
1429,1151,1
1429,1151,1
1428,1151,1
1428,1151,1
1427,1150,1
1427,1150,1
1427,1150,1
1426,1150,1
1426,1149,1
1426,1149,1
1425,1149,1
1425,1149,1
1425,1148,1
1424,1148,1
1424,1148,1
1424,1148,1
1423,1148,1
1423,1147,1
1423,1147,1
1423,1147,1
1422,1147,1
1422,1146,1
1422,1146,1
1421,1146,1
1421,1146,1
1421,1145,1
1420,1145,1
1420,1145,1
1420,1145,1
1419,1145,1
1419,1144,1
1419,1144,1
1418,1144,1
1418,1144,1
1418,1143,1
1417,1143,1
1417,1143,1
1417,1143,1
1416,1142,1
1416,1142,1
1416,1142,1
1415,1142,1
1415,1142,1
1415,1141,1
1414,1141,1
1414,1141,1
1414,1141,1
1413,1140,1
1413,1140,1
1413,1140,1
1412,1140,1
1412,1140,1
1412,1139,1
1411,1139,1
1411,1139,1
1411,1139,1
1410,1138,1
1410,1138,1
1410,1138,1
1409,1138,1
1409,1138,1
1409,1137,1
1408,1137,1
1408,1137,1
1408,1137,1
1407,1137,1
1407,1136,1
1407,1136,1
1407,1136,1
1406,1136,1
1406,1136,1
1406,1135,1
1405,1135,1
1405,1135,1
1405,1135,1
1404,1135,1
1404,1134,1
1404,1134,1
1403,1134,1
1403,1134,1
1403,1134,1
1403,1133,1
1402,1133,1
1402,1133,1
1402,1133,1
1401,1133,1
1401,1133,1
1401,1132,1
1400,1132,1
1400,1132,1
1400,1132,1
1399,1132,1
1399,1131,1
1399,1131,1
1398,1131,1
1398,1131,1
1398,1131,1
1398,1130,1
1397,1130,1
1397,1130,1
1397,1130,1
1396,1130,1
1396,1130,1
1396,1129,1
1395,1129,1
1395,1129,1
1395,1129,1
1394,1129,1
1394,1128,1
1394,1128,1
1394,1128,1
1393,1128,1
1393,1128,1
1393,1128,1
1392,1127,1
1392,1127,1
1392,1127,1
1392,1127,1
1391,1127,1
1391,1127,1
1391,1127,1
1390,1126,1
1390,1126,1
1390,1126,1
1390,1126,1
1389,1126,1
1389,1126,1
1389,1126,1
1388,1125,1
1388,1125,1
1388,1125,1
1388,1125,1
1387,1125,1
1387,1125,1
1387,1125,1
1386,1125,1
1386,1124,1
1386,1124,1
1386,1124,1
1385,1124,1
1385,1124,1
1385,1124,1
1384,1124,1
1384,1123,1
1384,1123,1
1384,1123,1
1383,1123,1
1383,1123,1
1383,1123,1
1382,1123,1
1382,1122,1
1382,1122,1
1382,1122,1
1381,1122,1
1381,1122,1
1381,1122,1
1380,1122,1
1380,1122,1
1380,1121,1
1380,1121,1
1379,1121,1
1379,1121,1
1379,1121,1
1378,1121,1
1378,1121,1
1378,1121,1
1378,1120,1
1377,1120,1
1377,1120,1
1377,1120,1
1376,1120,1
1376,1120,1
1376,1120,1
1376,1120,1
1375,1120,1
1375,1119,1
1375,1119,1
1374,1119,1
1374,1119,1
1374,1119,1
1374,1119,1
1373,1119,1
1373,1119,1
1373,1119,1
1373,1118,1
1372,1118,1
1372,1118,1
1372,1118,1
1371,1118,1
1371,1118,1
1371,1118,1
1371,1118,1
1370,1118,1
1370,1118,1
1370,1117,1
1370,1117,1
1369,1117,1
1369,1117,1
1369,1117,1
1368,1117,1
1368,1117,1
1368,1117,1
1368,1117,1
1367,1116,1
1367,1116,1
1367,1116,1
1366,1116,1
1366,1116,1
1366,1116,1
1366,1116,1
1365,1116,1
1365,1116,1
1365,1116,1
1365,1116,1
1364,1116,1
1364,1115,1
1364,1115,1
1364,1115,1
1363,1115,1
1363,1115,1
1363,1115,1
1363,1115,1
1362,1115,1
1362,1115,1
1362,1115,1
1362,1115,1
1361,1115,1
1361,1115,1
1361,1115,1
1361,1115,1
1360,1115,1
1360,1115,1
1360,1115,1
1360,1114,1
1359,1114,1
1359,1114,1
1359,1114,1
1359,1114,1
1358,1114,1
1358,1114,1
1358,1114,1
1358,1114,1
1357,1114,1
1357,1114,1
1357,1114,1
1357,1114,1
1356,1114,1
1356,1114,1
1356,1114,1
1356,1114,1
1355,1114,1
1355,1114,1
1355,1114,1
1355,1114,1
1354,1113,1
1354,1113,1
1354,1113,1
1354,1113,1
1353,1113,1
1353,1113,1
1353,1113,1
1353,1113,1
1352,1113,1
1352,1113,1
1352,1113,1
1352,1113,1
1352,1113,1
1351,1113,1
1351,1113,1
1351,1113,1
1351,1113,1
1350,1113,1
1350,1113,1
1350,1113,1
1350,1113,1
1349,1113,1
1349,1113,1
1349,1113,1
1349,1113,1
1348,1113,1
1348,1113,1
1348,1113,1
1348,1113,1
1348,1113,1
1347,1113,1
1347,1113,1
1347,1113,1
1347,1113,1
1346,1113,1
1346,1113,1
1346,1113,1
1346,1112,1
1345,1112,1
1345,1112,1
1345,1112,1
1345,1112,1
1344,1112,1
1344,1112,1
1344,1112,1
1344,1112,1
1344,1112,1
1343,1112,1
1343,1112,1
1343,1112,1
1343,1112,1
1342,1112,1
1342,1112,1
1342,1112,1
1342,1112,1
1341,1112,1
1341,1112,1
1341,1112,1
1341,1112,1
1341,1112,1
1340,1112,1
1340,1112,1
1340,1112,1
1340,1112,1
1340,1112,1
1339,1112,1
1339,1112,1
1339,1112,1
1339,1112,1
1338,1112,1
1338,1113,1
1338,1113,1
1338,1113,1
1338,1113,1
1337,1113,1
1337,1113,1
1337,1113,1
1337,1113,1
1337,1113,1
1336,1113,1
1336,1113,1
1336,1113,1
1336,1113,1
1336,1113,1
1335,1113,1
1335,1113,1
1335,1113,1
1335,1113,1
1334,1113,1
1334,1113,1
1334,1113,1
1334,1113,1
1334,1113,1
1333,1113,1
1333,1113,1
1333,1113,1
1333,1113,1
1333,1113,1
1332,1113,1
1332,1113,1
1332,1113,1
1332,1113,1
1332,1113,1
1331,1114,1
1331,1114,1
1331,1114,1
1331,1114,1
1331,1114,1
1330,1114,1
1330,1114,1
1330,1114,1
1330,1114,1
1330,1114,1
1329,1114,1
1329,1114,1
1329,1114,1
1329,1114,1
1329,1114,1
1328,1114,1
1328,1114,1
1328,1115,1
1328,1115,1
1328,1115,1
1327,1115,1
1327,1115,1
1327,1115,1
1327,1115,1
1327,1115,1
1327,1115,1
1326,1115,1
1326,1115,1
1326,1115,1
1326,1115,1
1326,1115,1
1325,1115,1
1325,1116,1
1325,1116,1
1325,1116,1
1325,1116,1
1324,1116,1
1324,1116,1
1324,1116,1
1324,1116,1
1324,1116,1
1323,1116,1
1323,1116,1
1323,1116,1
1323,1116,1
1323,1116,1
1322,1116,1
1322,1117,1
1322,1117,1
1322,1117,1
1322,1117,1
1322,1117,1
1321,1117,1
1321,1117,1
1321,1117,1
1321,1117,1
1321,1117,1
1320,1117,1
1320,1117,1
1320,1118,1
1320,1118,1
1320,1118,1
1320,1118,1
1319,1118,1
1319,1118,1
1319,1118,1
1319,1118,1
1319,1118,1
1319,1118,1
1318,1118,1
1318,1119,1
1318,1119,1
1318,1119,1
1318,1119,1
1317,1119,1
1317,1119,1
1317,1119,1
1317,1119,1
1317,1119,1
1317,1119,1
1316,1120,1
1316,1120,1
1316,1120,1
1316,1120,1
1316,1120,1
1316,1120,1
1315,1120,1
1315,1120,1
1315,1120,1
1315,1120,1
1315,1121,1
1314,1121,1
1314,1121,1
1314,1121,1
1314,1121,1
1314,1121,1
1314,1121,1
1313,1121,1
1313,1121,1
1313,1121,1
1313,1122,1
1313,1122,1
1313,1122,1
1312,1122,1
1312,1122,1
1312,1122,1
1312,1122,1
1312,1122,1
1312,1123,1
1311,1123,1
1311,1123,1
1311,1123,1
1311,1123,1
1311,1123,1
1311,1123,1
1311,1123,1
1310,1124,1
1310,1124,1
1310,1124,1
1310,1124,1
1310,1124,1
1310,1124,1
1309,1124,1
1309,1125,1
1309,1125,1
1309,1125,1
1309,1125,1
1309,1125,1
1309,1125,1
1308,1125,1
1308,1126,1
1308,1126,1
1308,1126,1
1308,1126,1
1308,1126,1
1308,1126,1
1307,1126,1
1307,1126,1
1307,1127,1
1307,1127,1
1307,1127,1
1307,1127,1
1306,1127,1
1306,1127,1
1306,1127,1
1306,1128,1
1306,1128,1
1306,1128,1
1305,1128,1
1305,1128,1
1305,1128,1
1305,1128,1
1305,1129,1
1305,1129,1
1305,1129,1
1304,1129,1
1304,1129,1
1304,1129,1
1304,1130,1
1304,1130,1
1304,1130,1
1304,1130,1
1304,1130,1
1303,1130,1
1303,1131,1
1303,1131,1
1303,1131,1
1303,1131,1
1303,1131,1
1303,1131,1
1303,1131,1
1302,1132,1
1302,1132,1
1302,1132,1
1302,1132,1
1302,1132,1
1302,1132,1
1302,1133,1
1301,1133,1
1301,1133,1
1301,1133,1
1301,1133,1
1301,1133,1
1301,1134,1
1301,1134,1
1301,1134,1
1300,1134,1
1300,1134,1
1300,1134,1
1300,1135,1
1300,1135,1
1300,1135,1
1300,1135,1
1300,1135,1
1299,1135,1
1299,1136,1
1299,1136,1
1299,1136,1
1299,1136,1
1299,1136,1
1299,1136,1
1298,1137,1
1298,1137,1
1298,1137,1
1298,1137,1
1298,1137,1
1298,1138,1
1298,1138,1
1298,1138,1
1297,1138,1
1297,1138,1
1297,1138,1
1297,1139,1
1297,1139,1
1297,1139,1
1297,1139,1
1297,1139,1
1297,1140,1
1296,1140,1
1296,1140,1
1296,1140,1
1296,1140,1
1296,1141,1
1296,1141,1
1296,1141,1
1296,1141,1
1296,1141,1
1295,1142,1
1295,1142,1
1295,1142,1
1295,1142,1
1295,1142,1
1295,1142,1
1295,1143,1
1295,1143,1
1294,1143,1
1294,1143,1
1294,1143,1
1294,1144,1
1294,1144,1
1294,1144,1
1294,1144,1
1294,1144,1
1294,1145,1
1293,1145,1
1293,1145,1
1293,1145,1
1293,1145,1
1293,1146,1
1293,1146,1
1293,1146,1
1293,1146,1
1292,1146,1
1292,1146,1
1292,1147,1
1292,1147,1
1292,1147,1
1292,1147,1
1292,1148,1
1292,1148,1
1292,1148,1
1292,1148,1
1291,1148,1
1291,1149,1
1291,1149,1
1291,1149,1
1291,1149,1
1291,1150,1
1291,1150,1
1291,1150,1
1291,1150,1
1291,1150,1
1290,1151,1
1290,1151,1
1290,1151,1
1290,1151,1
1290,1152,1
1290,1152,1
1290,1152,1
1290,1152,1
1290,1152,1
1290,1153,1
1289,1153,1
1289,1153,1
1289,1153,1
1289,1154,1
1289,1154,1
1289,1154,1
1289,1154,1
1289,1154,1
1289,1155,1
1289,1155,1
1288,1155,1
1288,1155,1
1288,1156,1
1288,1156,1
1288,1156,1
1288,1156,1
1288,1156,1
1288,1157,1
1288,1157,1
1288,1157,1
1287,1157,1
1287,1158,1
1287,1158,1
1287,1158,1
1287,1158,1
1287,1159,1
1287,1159,1
1287,1159,1
1287,1159,1
1287,1159,1
1287,1160,1
1287,1160,1
1287,1160,1
1286,1160,1
1286,1161,1
1286,1161,1
1286,1161,1
1286,1161,1
1286,1162,1
1286,1162,1
1286,1162,1
1286,1162,1
1286,1163,1
1286,1163,1
1286,1163,1
1286,1163,1
1285,1164,1
1285,1164,1
1285,1164,1
1285,1164,1
1285,1165,1
1285,1165,1
1285,1165,1
1285,1165,1
1285,1166,1
1285,1166,1
1285,1166,1
1285,1166,1
1285,1167,1
1284,1167,1
1284,1167,1
1284,1167,1
1284,1168,1
1284,1168,1
1284,1168,1
1284,1168,1
1284,1169,1
1284,1169,1
1284,1169,1
1284,1169,1
1284,1169,1
1283,1170,1
1283,1170,1
1283,1170,1
1283,1171,1
1283,1171,1
1283,1171,1
1283,1171,1
1283,1172,1
1283,1172,1
1283,1172,1
1283,1172,1
1283,1173,1
1283,1173,1
1283,1173,1
1283,1173,1
1283,1174,1
1283,1174,1
1283,1174,1
1282,1174,1
1282,1175,1
1282,1175,1
1282,1175,1
1282,1175,1
1282,1176,1
1282,1176,1
1282,1176,1
1282,1176,1
1282,1177,1
1282,1177,1
1282,1177,1
1282,1178,1
1282,1178,1
1282,1178,1
1282,1178,1
1282,1179,1
1282,1179,1
1281,1179,1
1281,1179,1
1281,1180,1
1281,1180,1
1281,1180,1
1281,1180,1
1281,1181,1
1281,1181,1
1281,1181,1
1281,1181,1
1281,1182,1
1281,1182,1
1281,1182,1
1281,1182,1
1281,1183,1
1281,1183,1
1281,1183,1
1280,1184,1
1280,1184,1
1280,1184,1
1280,1184,1
1280,1185,1
1280,1185,1
1280,1185,1
1280,1185,1
1280,1186,1
1280,1186,1
1280,1186,1
1280,1187,1
1280,1187,1
1280,1187,1
1280,1187,1
1280,1188,1
1280,1188,1
1280,1188,1
1280,1188,1
1280,1189,1
1280,1189,1
1280,1189,1
1280,1190,1
1280,1190,1
1280,1190,1
1279,1190,1
1279,1191,1
1279,1191,1
1279,1191,1
1279,1191,1
1279,1192,1
1279,1192,1
1279,1192,1
1279,1193,1
1279,1193,1
1279,1193,1
1279,1193,1
1279,1194,1
1279,1194,1
1279,1194,1
1279,1194,1
1279,1195,1
1279,1195,1
1279,1195,1
1279,1196,1
1279,1196,1
1279,1196,1
1278,1196,1
1278,1197,1
1278,1197,1
1278,1197,1
1278,1198,1
1278,1198,1
1278,1198,1
1278,1198,1
1278,1199,1
1278,1199,1
1278,1199,1
1278,1200,1
1278,1200,1
1278,1200,1
1278,1200,1
1278,1201,1
1278,1201,1
1278,1201,1
1278,1202,1
1278,1202,1
1278,1202,1
1278,1202,1
1278,1203,1
1278,1203,1
1278,1203,1
1278,1204,1
1278,1204,1
1278,1204,1
1278,1205,1
1278,1205,1
1278,1205,1
1278,1205,1
1278,1206,1
1278,1206,1
1278,1206,1
1278,1207,1
1278,1207,1
1278,1207,1
1278,1207,1
1278,1208,1
1278,1208,1
1278,1208,1
1278,1209,1
1277,1209,1
1277,1209,1
1277,1209,1
1277,1210,1
1277,1210,1
1277,1210,1
1277,1211,1
1277,1211,1
1277,1211,1
1277,1212,1
1277,1212,1
1277,1212,1
1277,1212,1
1277,1213,1
1277,1213,1
1277,1213,1
1277,1214,1
1277,1214,1
1277,1214,1
1277,1215,1
1277,1215,1
1277,1215,1
1277,1215,1
1277,1216,1
1277,1216,1
1277,1216,1
1277,1217,1
1277,1217,1
1277,1217,1
1277,1218,1
1277,1218,1
1277,1218,1
1277,1218,1
1277,1219,1
1277,1219,1
1277,1219,1
1277,1220,1
1277,1220,1
1277,1220,1
1277,1221,1
1277,1221,1
1277,1221,1
1277,1222,1
1277,1222,1
1277,1222,1
1277,1222,1
1277,1223,1
1277,1223,1
1277,1223,1
1277,1224,1
1277,1224,1
1277,1224,1
1277,1225,1
1277,1225,1
1277,1225,1
1277,1225,1
1277,1226,1
1277,1226,1
1277,1226,1
1277,1227,1
1277,1227,1
1277,1227,1
1277,1228,1
1277,1228,1
1277,1228,1
1277,1229,1
1277,1229,1
1277,1229,1
1277,1229,1
1278,1230,1
1278,1230,1
1278,1230,1
1278,1231,1
1278,1231,1
1278,1231,1
1278,1232,1
1278,1232,1
1278,1232,1
1278,1233,1
1278,1233,1
1278,1233,1
1278,1234,1
1278,1234,1
1278,1234,1
1278,1234,1
1278,1235,1
1278,1235,1
1278,1235,1
1278,1236,1
1278,1236,1
1278,1236,1
1278,1237,1
1278,1237,1
1278,1237,1
1278,1238,1
1278,1238,1
1278,1238,1
1278,1238,1
1278,1239,1
1278,1239,1
1278,1239,1
1278,1240,1
1278,1240,1
1278,1240,1
1278,1241,1
1278,1241,1
1278,1241,1
1278,1242,1
1278,1242,1
1278,1242,1
1278,1243,1
1278,1243,1
1278,1243,1
1278,1243,1
1278,1244,1
1278,1244,1
1278,1244,1
1278,1245,1
1278,1245,1
1278,1245,1
1278,1246,1
1279,1246,1
1279,1246,1
1279,1247,1
1279,1247,1
1279,1247,1
1279,1248,1
1279,1248,1
1279,1248,1
1279,1249,1
1279,1249,1
1279,1249,1
1279,1249,1
1279,1250,1
1279,1250,1
1279,1250,1
1279,1251,1
1279,1251,1
1279,1251,1
1279,1252,1
1279,1252,1
1279,1252,1
1279,1253,1
1279,1253,1
1279,1253,1
1279,1254,1
1279,1254,1
1279,1254,1
1279,1255,1
1279,1255,1
1279,1255,1
1279,1255,1
1279,1256,1
1280,1256,1
1280,1256,1
1280,1257,1
1280,1257,1
1280,1257,1
1280,1258,1
1280,1258,1
1280,1258,1
1280,1259,1
1280,1259,1
1280,1259,1
1280,1260,1
1280,1260,1
1280,1260,1
1280,1261,1
1280,1261,1
1280,1261,1
1280,1262,1
1281,1262,1
1281,1262,1
1281,1262,1
1281,1263,1
1281,1263,1
1281,1263,1
1281,1264,1
1281,1264,1
1281,1264,1
1281,1265,1
1281,1265,1
1281,1265,1
1281,1266,1
1281,1266,1
1281,1266,1
1281,1267,1
1281,1267,1
1282,1267,1
1282,1268,1
1282,1268,1
1282,1268,1
1282,1269,1
1282,1269,1
1282,1269,1
1282,1269,1
1282,1270,1
1282,1270,1
1282,1270,1
1282,1271,1
1282,1271,1
1282,1271,1
1282,1272,1
1282,1272,1
1282,1272,1
1283,1273,1
1283,1273,1
1283,1273,1
1283,1274,1
1283,1274,1
1283,1274,1
1283,1275,1
1283,1275,1
1283,1275,1
1283,1276,1
1283,1276,1
1283,1276,1
1283,1277,1
1283,1277,1
1284,1277,1
1284,1278,1
1284,1278,1
1284,1278,1
1284,1278,1
1284,1279,1
1284,1279,1
1284,1279,1
1284,1280,1
1284,1280,1
1284,1280,1
1284,1281,1
1284,1281,1
1284,1281,1
1285,1282,1
1285,1282,1
1285,1282,1
1285,1283,1
1285,1283,1
1285,1283,1
1285,1284,1
1285,1284,1
1285,1284,1
1285,1285,1
1285,1285,1
1285,1285,1
1285,1286,1
1285,1286,1
1285,1286,1
1286,1287,1
1286,1287,1
1286,1287,1
1286,1288,1
1286,1288,1
1286,1288,1
1286,1289,1
1286,1289,1
1286,1289,1
1286,1289,1
1286,1290,1
1286,1290,1
1286,1290,1
1287,1291,1
1287,1291,1
1287,1291,1
1287,1292,1
1287,1292,1
1287,1292,1
1287,1293,1
1287,1293,1
1287,1293,1
1287,1294,1
1288,1294,1
1288,1294,1
1288,1295,1
1288,1295,1
1288,1295,1
1288,1296,1
1288,1296,1
1288,1296,1
1288,1297,1
1289,1297,1
1289,1297,1
1289,1298,1
1289,1298,1
1289,1298,1
1289,1298,1
1289,1299,1
1289,1299,1
1289,1299,1
1289,1300,1
1290,1300,1
1290,1300,1
1290,1301,1
1290,1301,1
1290,1301,1
1290,1302,1
1290,1302,1
1290,1302,1
1290,1303,1
1290,1303,1
1291,1303,1
1291,1304,1
1291,1304,1
1291,1304,1
1291,1305,1
1291,1305,1
1291,1305,1
1291,1306,1
1291,1306,1
1291,1306,1
1292,1306,1
1292,1307,1
1292,1307,1
1292,1307,1
1292,1308,1
1292,1308,1
1292,1308,1
1292,1309,1
1292,1309,1
1293,1309,1
1293,1310,1
1293,1310,1
1293,1310,1
1293,1311,1
1293,1311,1
1293,1311,1
1293,1312,1
1293,1312,1
1294,1312,1
1294,1313,1
1294,1313,1
1294,1313,1
1294,1313,1
1294,1314,1
1294,1314,1
1294,1314,1
1294,1315,1
1295,1315,1
1295,1315,1
1295,1316,1
1295,1316,1
1295,1316,1
1295,1317,1
1295,1317,1
1295,1317,1
1295,1318,1
1296,1318,1
1296,1318,1
1296,1319,1
1296,1319,1
1296,1319,1
1296,1319,1
1296,1320,1
1296,1320,1
1296,1320,1
1297,1321,1
1297,1321,1
1297,1321,1
1297,1322,1
1297,1322,1
1297,1322,1
1297,1323,1
1297,1323,1
1298,1323,1
1298,1324,1
1298,1324,1
1298,1324,1
1298,1324,1
1298,1325,1
1298,1325,1
1299,1325,1
1299,1326,1
1299,1326,1
1299,1326,1
1299,1327,1
1299,1327,1
1299,1327,1
1300,1328,1
1300,1328,1
1300,1328,1
1300,1328,1
1300,1329,1
1300,1329,1
1300,1329,1
1301,1330,1
1301,1330,1
1301,1330,1
1301,1331,1
1301,1331,1
1301,1331,1
1301,1332,1
1302,1332,1
1302,1332,1
1302,1333,1
1302,1333,1
1302,1333,1
1302,1333,1
1302,1334,1
1302,1334,1
1303,1334,1
1303,1335,1
1303,1335,1
1303,1335,1
1303,1336,1
1303,1336,1
1303,1336,1
1304,1337,1
1304,1337,1
1304,1337,1
1304,1337,1
1304,1338,1
1304,1338,1
1304,1338,1
1305,1339,1
1305,1339,1
1305,1339,1
1305,1340,1
1305,1340,1
1305,1340,1
1306,1341,1
1306,1341,1
1306,1341,1
1306,1341,1
1306,1342,1
1306,1342,1
1307,1342,1
1307,1343,1
1307,1343,1
1307,1343,1
1307,1344,1
1307,1344,1
1308,1344,1
1308,1344,1
1308,1345,1
1308,1345,1
1308,1345,1
1308,1346,1
1308,1346,1
1309,1346,1
1309,1347,1
1309,1347,1
1309,1347,1
1309,1348,1
1309,1348,1
1310,1348,1
1310,1348,1
1310,1349,1
1310,1349,1
1310,1349,1
1310,1350,1
1311,1350,1
1311,1350,1
1311,1351,1
1311,1351,1
1311,1351,1
1311,1352,1
1311,1352,1
1312,1352,1
1312,1352,1
1312,1353,1
1312,1353,1
1312,1353,1
1312,1354,1
1313,1354,1
1313,1354,1
1313,1354,1
1313,1355,1
1313,1355,1
1314,1355,1
1314,1356,1
1314,1356,1
1314,1356,1
1314,1357,1
1314,1357,1
1315,1357,1
1315,1357,1
1315,1358,1
1315,1358,1
1315,1358,1
1315,1359,1
1316,1359,1
1316,1359,1
1316,1359,1
1316,1360,1
1316,1360,1
1316,1360,1
1317,1361,1
1317,1361,1
1317,1361,1
1317,1362,1
1317,1362,1
1317,1362,1
1318,1362,1
1318,1363,1
1318,1363,1
1318,1363,1
1318,1364,1
1319,1364,1
1319,1364,1
1319,1365,1
1319,1365,1
1319,1365,1
1319,1365,1
1320,1366,1
1320,1366,1
1320,1366,1
1320,1367,1
1320,1367,1
1320,1367,1
1321,1367,1
1321,1368,1
1321,1368,1
1321,1368,1
1321,1369,1
1322,1369,1
1322,1369,1
1322,1369,1
1322,1370,1
1322,1370,1
1323,1370,1
1323,1371,1
1323,1371,1
1323,1371,1
1323,1371,1
1324,1372,1
1324,1372,1
1324,1372,1
1324,1373,1
1324,1373,1
1325,1373,1
1325,1373,1
1325,1374,1
1325,1374,1
1325,1374,1
1326,1375,1
1326,1375,1
1326,1375,1
1326,1375,1
1326,1376,1
1327,1376,1
1327,1376,1
1327,1377,1
1327,1377,1
1327,1377,1
1328,1377,1
1328,1378,1
1328,1378,1
1328,1378,1
1328,1379,1
1329,1379,1
1329,1379,1
1329,1379,1
1329,1380,1
1329,1380,1
1329,1380,1
1330,1381,1
1330,1381,1
1330,1381,1
1330,1381,1
1331,1382,1
1331,1382,1
1331,1382,1
1331,1382,1
1331,1383,1
1332,1383,1
1332,1383,1
1332,1384,1
1332,1384,1
1332,1384,1
1333,1384,1
1333,1385,1
1333,1385,1
1333,1385,1
1333,1385,1
1334,1386,1
1334,1386,1
1334,1386,1
1334,1386,1
1335,1387,1
1335,1387,1
1335,1387,1
1335,1387,1
1335,1388,1
1336,1388,1
1336,1388,1
1336,1389,1
1336,1389,1
1336,1389,1
1337,1389,1
1337,1390,1
1337,1390,1
1337,1390,1
1338,1390,1
1338,1391,1
1338,1391,1
1338,1391,1
1338,1391,1
1339,1392,1
1339,1392,1
1339,1392,1
1339,1393,1
1339,1393,1
1340,1393,1
1340,1393,1
1340,1394,1
1340,1394,1
1340,1394,1
1341,1394,1
1341,1395,1
1341,1395,1
1341,1395,1
1342,1395,1
1342,1396,1
1342,1396,1
1342,1396,1
1342,1396,1
1343,1397,1
1343,1397,1
1343,1397,1
1343,1398,1
1344,1398,1
1344,1398,1
1344,1398,1
1344,1399,1
1345,1399,1
1345,1399,1
1345,1399,1
1345,1400,1
1345,1400,1
1346,1400,1
1346,1400,1
1346,1401,1
1346,1401,1
1347,1401,1
1347,1401,1
1347,1402,1
1347,1402,1
1348,1402,1
1348,1402,1
1348,1403,1
1348,1403,1
1348,1403,1
1349,1403,1
1349,1404,1
1349,1404,1
1349,1404,1
1350,1404,1
1350,1405,1
1350,1405,1
1350,1405,1
1350,1405,1
1351,1406,1
1351,1406,1
1351,1406,1
1351,1407,1
1352,1407,1
1352,1407,1
1352,1407,1
1352,1408,1
1353,1408,1
1353,1408,1
1353,1408,1
1353,1409,1
1354,1409,1
1354,1409,1
1354,1409,1
1354,1409,1
1355,1410,1
1355,1410,1
1355,1410,1
1355,1410,1
1356,1411,1
1356,1411,1
1356,1411,1
1356,1411,1
1357,1412,1
1357,1412,1
1357,1412,1
1357,1412,1
1358,1413,1
1358,1413,1
1358,1413,1
1358,1413,1
1359,1414,1
1359,1414,1
1359,1414,1
1359,1414,1
1360,1415,1
1360,1415,1
1360,1415,1
1360,1415,1
1361,1416,1
1361,1416,1
1361,1416,1
1361,1416,1
1362,1417,1
1362,1417,1
1362,1417,1
1362,1417,1
1363,1418,1
1363,1418,1
1363,1418,1
1363,1418,1
1364,1419,1
1364,1419,1
1364,1419,1
1364,1419,1
1365,1420,1
1365,1420,1
1365,1420,1
1365,1420,1
1366,1420,1
1366,1421,1
1366,1421,1
1366,1421,1
1367,1421,1
1367,1422,1
1367,1422,1
1367,1422,1
1368,1422,1
1368,1422,1
1368,1423,1
1369,1423,1
1369,1423,1
1369,1423,1
1369,1424,1
1370,1424,1
1370,1424,1
1370,1424,1
1370,1424,1
1371,1425,1
1371,1425,1
1371,1425,1
1371,1425,1
1372,1426,1
1372,1426,1
1372,1426,1
1372,1426,1
1373,1427,1
1373,1427,1
1373,1427,1
1374,1427,1
1374,1427,1
1374,1428,1
1374,1428,1
1375,1428,1
1375,1428,1
1375,1429,1
1375,1429,1
1376,1429,1
1376,1429,1
1376,1430,1
1376,1430,1
1377,1430,1
1377,1430,1
1377,1430,1
1378,1431,1
1378,1431,1
1378,1431,1
1378,1431,1
1379,1431,1
1379,1432,1
1379,1432,1
1379,1432,1
1380,1432,1
1380,1432,1
1380,1433,1
1381,1433,1
1381,1433,1
1381,1433,1
1381,1434,1
1382,1434,1
1382,1434,1
1382,1434,1
1382,1434,1
1383,1435,1
1383,1435,1
1383,1435,1
1384,1435,1
1384,1435,1
1384,1436,1
1384,1436,1
1385,1436,1
1385,1436,1
1385,1436,1
1386,1437,1
1386,1437,1
1386,1437,1
1386,1437,1
1387,1437,1
1387,1438,1
1387,1438,1
1387,1438,1
1388,1438,1
1388,1438,1
1388,1439,1
1389,1439,1
1389,1439,1
1389,1439,1
1389,1439,1
1390,1440,1
1390,1440,1
1390,1440,1
1390,1440,1
1391,1440,1
1391,1441,1
1391,1441,1
1392,1441,1
1392,1441,1
1392,1441,1
1392,1442,1
1393,1442,1
1393,1442,1
1393,1442,1
1394,1442,1
1394,1443,1
1394,1443,1
1394,1443,1
1395,1443,1
1395,1443,1
1395,1444,1
1396,1444,1
1396,1444,1
1396,1444,1
1396,1444,1
1397,1444,1
1397,1445,1
1397,1445,1
1398,1445,1
1398,1445,1
1398,1445,1
1398,1446,1
1399,1446,1
1399,1446,1
1399,1446,1
1400,1446,1
1400,1447,1
1400,1447,1
1400,1447,1
1401,1447,1
1401,1447,1
1401,1447,1
1402,1448,1
1402,1448,1
1402,1448,1
1402,1448,1
1403,1448,1
1403,1449,1
1403,1449,1
1404,1449,1
1404,1449,1
1404,1449,1
1404,1450,1
1405,1450,1
1405,1450,1
1405,1450,1
1405,1450,1
1406,1451,1
1406,1451,1
1406,1451,1
1407,1451,1
1407,1451,1
1407,1451,1
1408,1452,1
1408,1452,1
1408,1452,1
1408,1452,1
1409,1452,1
1409,1452,1
1409,1453,1
1410,1453,1
1410,1453,1
1410,1453,1
1411,1453,1
1411,1453,1
1411,1454,1
1411,1454,1
1412,1454,1
1412,1454,1
1412,1454,1
1413,1454,1
1413,1455,1
1413,1455,1
1414,1455,1
1414,1455,1
1414,1455,1
1414,1456,1
1415,1456,1
1415,1456,1
1415,1456,1
1416,1456,1
1416,1456,1
1416,1457,1
1417,1457,1
1417,1457,1
1417,1457,1
1417,1457,1
1418,1457,1
1418,1458,1
1418,1458,1
1419,1458,1
1419,1458,1
1419,1458,1
1420,1458,1
1420,1459,1
1420,1459,1
1421,1459,1
1421,1459,1
1421,1459,1
1421,1459,1
1422,1460,1
1422,1460,1
1422,1460,1
1423,1460,1
1423,1460,1
1423,1460,1
1424,1460,1
1424,1461,1
1424,1461,1
1425,1461,1
1425,1461,1
1425,1461,1
1425,1461,1
1426,1462,1
1426,1462,1
1426,1462,1
1427,1462,1
1427,1462,1
1427,1462,1
1428,1462,1
1428,1463,1
1428,1463,1
1429,1463,1
1429,1463,1
1429,1463,1
1429,1463,1
1430,1463,1
1430,1464,1
1430,1464,1
1431,1464,1
1431,1464,1
1431,1464,1
1432,1464,1
1432,1464,1
1432,1465,1
1433,1465,1
1433,1465,1
1433,1465,1
1433,1465,1
1434,1465,1
1434,1466,1
1434,1466,1
1435,1466,1
1435,1466,1
1435,1466,1
1436,1466,1
1436,1466,1
1436,1467,1
1437,1467,1
1437,1467,1
1437,1467,1
1437,1467,1
1438,1467,1
1438,1467,1
1438,1467,1
1439,1468,1
1439,1468,1
1439,1468,1
1440,1468,1
1440,1468,1
1440,1468,1
1441,1468,1
1441,1469,1
1441,1469,1
1442,1469,1
1442,1469,1
1442,1469,1
1443,1469,1
1443,1469,1
1443,1469,1
1443,1470,1
1444,1470,1
1444,1470,1
1444,1470,1
1445,1470,1
1445,1470,1
1445,1470,1
1446,1471,1
1446,1471,1
1446,1471,1
1447,1471,1
1447,1471,1
1447,1471,1
1448,1471,1
1448,1472,1
1448,1472,1
1448,1472,1
1449,1472,1
1449,1472,1
1449,1472,1
1450,1472,1
1450,1472,1
1450,1473,1
1451,1473,1
1451,1473,1
1451,1473,1
1452,1473,1
1452,1473,1
1452,1473,1
1453,1473,1
1453,1474,1
1453,1474,1
1454,1474,1
1454,1474,1
1454,1474,1
1455,1474,1
1455,1474,1
1455,1474,1
1455,1475,1
1456,1475,1
1456,1475,1
1456,1475,1
1457,1475,1
1457,1475,1
1457,1475,1
1458,1475,1
1458,1475,1
1458,1476,1
1459,1476,1
1459,1476,1
1459,1476,1
1460,1476,1
1460,1476,1
1460,1476,1
1461,1476,1
1461,1476,1
1461,1477,1
1462,1477,1
1462,1477,1
1462,1477,1
1462,1477,1
1463,1477,1
1463,1477,1
1463,1477,1
1464,1477,1
1464,1478,1
1464,1478,1
1465,1478,1
1465,1478,1
1465,1478,1
1466,1478,1
1466,1478,1
1466,1478,1
1467,1479,1
1467,1479,1
1467,1479,1
1468,1479,1
1468,1479,1
1468,1479,1
1469,1479,1
1469,1479,1
1469,1479,1
1469,1479,1
1470,1480,1
1470,1480,1
1470,1480,1
1471,1480,1
1471,1480,1
1471,1480,1
1472,1480,1
1472,1480,1
1472,1480,1
1473,1480,1
1473,1480,1
1473,1480,1
1474,1481,1
1474,1481,1
1474,1481,1
1475,1481,1
1475,1481,1
1475,1481,1
1476,1481,1
1476,1481,1
1476,1481,1
1477,1481,1
1477,1481,1
1477,1481,1
1477,1482,1
1478,1482,1
1478,1482,1
1478,1482,1
1479,1482,1
1479,1482,1
1479,1482,1
1480,1482,1
1480,1482,1
1480,1482,1
1481,1482,1
1481,1483,1
1481,1483,1
1482,1483,1
1482,1483,1
1482,1483,1
1483,1483,1
1483,1483,1
1483,1483,1
1484,1483,1
1484,1483,1
1484,1483,1
1485,1483,1
1485,1484,1
1485,1484,1
1486,1484,1
1486,1484,1
1486,1484,1
1486,1484,1
1487,1484,1
1487,1484,1
1487,1484,1
1488,1484,1
1488,1484,1
1488,1484,1
1489,1484,1
1489,1485,1
1489,1485,1
1490,1485,1
1490,1485,1
1490,1485,1
1491,1485,1
1491,1485,1
1491,1485,1
1492,1485,1
1492,1485,1
1492,1485,1
1493,1485,1
1493,1486,1
1493,1486,1
1494,1486,1
1494,1486,1
1494,1486,1
1495,1486,1
1495,1486,1
1495,1486,1
1496,1486,1
1496,1486,1
1496,1486,1
1497,1486,1
1497,1486,1
1497,1487,1
1497,1487,1
1498,1487,1
1498,1487,1
1498,1487,1
1499,1487,1
1499,1487,1
1499,1487,1
1500,1487,1
1500,1487,1
1500,1487,1
1501,1487,1
1501,1487,1
1501,1487,1
1502,1488,1
1502,1488,1
1502,1488,1
1503,1488,1
1503,1488,1
1503,1488,1
1504,1488,1
1504,1488,1
1504,1488,1
1505,1488,1
1505,1488,1
1505,1488,1
1506,1488,1
1506,1488,1
1506,1488,1
1506,1488,1
1507,1488,1
1507,1488,1
1507,1488,1
1508,1488,1
1508,1488,1
1508,1488,1
1509,1488,1
1509,1489,1
1509,1489,1
1510,1489,1
1510,1489,1
1510,1489,1
1511,1489,1
1511,1489,1
1511,1489,1
1512,1489,1
1512,1489,1
1512,1489,1
1513,1489,1
1513,1489,1
1513,1489,1
1514,1489,1
1514,1489,1
1514,1489,1
1515,1489,1
1515,1489,1
1515,1489,1
1515,1490,1
1516,1490,1
1516,1490,1
1516,1490,1
1517,1490,1
1517,1490,1
1517,1490,1
1518,1490,1
1518,1490,1
1518,1490,1
1519,1490,1
1519,1490,1
1519,1490,1
1520,1490,1
1520,1490,1
1520,1490,1
1521,1490,1
1521,1490,1
1521,1490,1
1521,1490,1
1522,1490,1
1522,1490,1
1522,1490,1
1523,1490,1
1523,1490,1
1523,1490,1
1524,1490,1
1524,1491,1
1524,1491,1
1525,1491,1
1525,1491,1
1525,1491,1
1526,1491,1
1526,1491,1
1526,1491,1
1526,1491,1
1527,1491,1
1527,1491,1
1527,1491,1
1528,1491,1
1528,1491,1
1528,1491,1
1529,1491,1
1529,1491,1
1529,1491,1
1530,1491,1
1530,1491,1
1530,1491,1
1531,1491,1
1531,1491,1
1531,1491,1
1532,1491,1
1532,1492,1
1532,1492,1
1532,1492,1
1533,1492,1
1533,1492,1
1533,1492,1
1534,1492,1
1534,1492,1
1534,1492,1
1535,1492,1
1535,1492,1
1535,1492,1
1536,1492,1
1536,1492,1
1536,1492,1
1536,1492,1
1537,1492,1
1537,1492,1
1537,1492,1
1538,1492,1
1538,1492,1
1538,1492,1
1539,1492,1
1539,1492,1
1539,1492,1
1539,1492,1
1540,1492,1
1540,1492,1
1540,1492,1
1541,1492,1
1541,1492,1
1541,1492,1
1542,1492,1
1542,1492,1
1542,1492,1
1543,1492,1
1543,1492,1
1543,1492,1
1543,1492,1
1544,1492,1
1544,1492,1
1544,1492,1
1545,1492,1
1545,1492,1
1545,1492,1
1546,1492,1
1546,1492,1
1546,1492,1
1547,1492,1
1547,1492,1
1547,1492,1
1547,1492,1
1548,1492,1
1548,1492,1
1548,1492,1
1549,1492,1
1549,1492,1
1549,1492,1
1550,1492,1
1550,1492,1
1550,1492,1
1550,1492,1
1551,1492,1
1551,1492,1
1551,1492,1
1552,1492,1
1552,1492,1
1552,1492,1
1553,1492,1
1553,1492,1
1553,1492,1
1553,1492,1
1554,1492,1
1554,1492,1
1554,1492,1
1555,1492,1
1555,1492,1
1555,1492,1
1556,1492,1
1556,1492,1
1556,1492,1
1556,1492,1
1557,1492,1
1557,1492,1
1557,1492,1
1558,1492,1
1558,1492,1
1558,1492,1
1559,1492,1
1559,1492,1
1559,1492,1
1559,1492,1
1560,1492,1
1560,1492,1
1560,1492,1
1561,1492,1
1561,1492,1
1561,1492,1
1561,1492,1
1562,1492,1
1562,1492,1
1562,1492,1
1563,1492,1
1563,1492,1
1563,1492,1
1564,1492,1
1564,1492,1
1564,1491,1
1564,1491,1
1565,1491,1
1565,1491,1
1565,1491,1
1566,1491,1
1566,1491,1
1566,1491,1
1566,1491,1
1567,1491,1
1567,1491,1
1567,1491,1
1568,1491,1
1568,1491,1
1568,1491,1
1568,1491,1
1569,1491,1
1569,1491,1
1569,1491,1
1570,1491,1
1570,1491,1
1570,1491,1
1570,1491,1
1571,1491,1
1571,1491,1
1571,1491,1
1572,1491,1
1572,1491,1
1572,1491,1
1572,1491,1
1573,1491,1
1573,1491,1
1573,1491,1
1574,1491,1
1574,1491,1
1574,1491,1
1574,1491,1
1575,1491,1
1575,1491,1
1575,1491,1
1576,1491,1
1576,1491,1
1576,1491,1
1576,1491,1
1577,1491,1
1577,1491,1
1577,1490,1
1577,1490,1
1578,1490,1
1578,1490,1
1578,1490,1
1579,1490,1
1579,1490,1
1579,1490,1
1579,1490,1
1580,1490,1
1580,1490,1
1580,1490,1
1580,1490,1
1581,1490,1
1581,1490,1
1581,1490,1
1582,1490,1
1582,1490,1
1582,1490,1
1582,1490,1
1583,1490,1
1583,1489,1
1583,1489,1
1583,1489,1
1584,1489,1
1584,1489,1
1584,1489,1
1585,1489,1
1585,1489,1
1585,1489,1
1585,1489,1
1586,1489,1
1586,1489,1
1586,1489,1
1586,1489,1
1587,1489,1
1587,1489,1
1587,1489,1
1588,1489,1
1588,1489,1
1588,1489,1
1588,1489,1
1589,1489,1
1589,1489,1
1589,1488,1
1589,1488,1
1590,1488,1
1590,1488,1
1590,1488,1
1590,1488,1
1591,1488,1
1591,1488,1
1591,1488,1
1591,1488,1
1592,1488,1
1592,1488,1
1592,1488,1
1592,1488,1
1593,1488,1
1593,1488,1
1593,1487,1
1593,1487,1
1594,1487,1
1594,1487,1
1594,1487,1
1594,1487,1
1595,1487,1
1595,1487,1
1595,1487,1
1595,1487,1
1596,1487,1
1596,1487,1
1596,1487,1
1596,1487,1
1597,1487,1
1597,1487,1
1597,1486,1
1597,1486,1
1598,1486,1
1598,1486,1
1598,1486,1
1598,1486,1
1599,1486,1
1599,1486,1
1599,1486,1
1599,1486,1
1600,1486,1
1600,1486,1
1600,1486,1
1600,1486,1
1601,1486,1
1601,1486,1
1601,1485,1
1601,1485,1
1602,1485,1
1602,1485,1
1602,1485,1
1602,1485,1
1603,1485,1
1603,1485,1
1603,1485,1
1603,1485,1
1604,1485,1
1604,1485,1
1604,1485,1
1604,1485,1
1604,1484,1
1605,1484,1
1605,1484,1
1605,1484,1
1605,1484,1
1606,1484,1
1606,1484,1
1606,1484,1
1606,1484,1
1607,1484,1
1607,1484,1
1607,1484,1
1607,1484,1
1608,1483,1
1608,1483,1
1608,1483,1
1608,1483,1
1608,1483,1
1609,1483,1
1609,1483,1
1609,1483,1
1609,1483,1
1610,1483,1
1610,1483,1
1610,1483,1
1610,1482,1
1611,1482,1
1611,1482,1
1611,1482,1
1611,1482,1
1611,1482,1
1612,1482,1
1612,1482,1
1612,1482,1
1612,1482,1
1613,1482,1
1613,1482,1
1613,1482,1
1613,1482,1
1614,1481,1
1614,1481,1
1614,1481,1
1614,1481,1
1614,1481,1
1615,1481,1
1615,1481,1
1615,1481,1
1615,1481,1
1616,1481,1
1616,1480,1
1616,1480,1
1616,1480,1
1616,1480,1
1617,1480,1
1617,1480,1
1617,1480,1
1617,1480,1
1617,1480,1
1618,1480,1
1618,1479,1
1618,1479,1
1618,1479,1
1619,1479,1
1619,1479,1
1619,1479,1
1619,1479,1
1619,1479,1
1620,1479,1
1620,1479,1
1620,1478,1
1620,1478,1
1620,1478,1
1621,1478,1
1621,1478,1
1621,1478,1
1621,1478,1
1621,1478,1
1622,1478,1
1622,1478,1
1622,1477,1
1622,1477,1
1623,1477,1
1623,1477,1
1623,1477,1
1623,1477,1
1623,1477,1
1624,1477,1
1624,1477,1
1624,1477,1
1624,1476,1
1624,1476,1
1625,1476,1
1625,1476,1
1625,1476,1
1625,1476,1
1625,1476,1
1626,1476,1
1626,1476,1
1626,1475,1
1626,1475,1
1626,1475,1
1626,1475,1
1627,1475,1
1627,1475,1
1627,1475,1
1627,1475,1
1627,1474,1
1628,1474,1
1628,1474,1
1628,1474,1
1628,1474,1
1628,1474,1
1629,1474,1
1629,1474,1
1629,1473,1
1629,1473,1
1629,1473,1
1629,1473,1
1630,1473,1
1630,1473,1
1630,1473,1
1630,1473,1
1630,1472,1
1631,1472,1
1631,1472,1
1631,1472,1
1631,1472,1
1631,1472,1
1631,1472,1
1632,1472,1
1632,1472,1
1632,1471,1
1632,1471,1
1632,1471,1
1633,1471,1
1633,1471,1
1633,1471,1
1633,1471,1
1633,1471,1
1633,1470,1
1634,1470,1
1634,1470,1
1634,1470,1
1634,1470,1
1634,1470,1
1634,1470,1
1635,1470,1
1635,1469,1
1635,1469,1
1635,1469,1
1635,1469,1
1635,1469,1
1636,1469,1
1636,1469,1
1636,1468,1
1636,1468,1
1636,1468,1
1636,1468,1
1636,1468,1
1637,1468,1
1637,1468,1
1637,1467,1
1637,1467,1
1637,1467,1
1637,1467,1
1637,1467,1
1638,1467,1
1638,1467,1
1638,1466,1
1638,1466,1
1638,1466,1
1638,1466,1
1639,1466,1
1639,1466,1
1639,1466,1
1639,1465,1
1639,1465,1
1639,1465,1
1639,1465,1
1640,1465,1
1640,1465,1
1640,1465,1
1640,1464,1
1640,1464,1
1640,1464,1
1640,1464,1
1641,1464,1
1641,1464,1
1641,1464,1
1641,1464,1
1641,1463,1
1641,1463,1
1641,1463,1
1642,1463,1
1642,1463,1
1642,1463,1
1642,1462,1
1642,1462,1
1642,1462,1
1642,1462,1
1642,1462,1
1643,1462,1
1643,1462,1
1643,1461,1
1643,1461,1
1643,1461,1
1643,1461,1
1643,1461,1
1643,1461,1
1644,1460,1
1644,1460,1
1644,1460,1
1644,1460,1
1644,1460,1
1644,1460,1
1644,1460,1
1644,1459,1
1645,1459,1
1645,1459,1
1645,1459,1
1645,1459,1
1645,1459,1
1645,1458,1
1645,1458,1
1645,1458,1
1646,1458,1
1646,1458,1
1646,1458,1
1646,1458,1
1646,1457,1
1646,1457,1
1646,1457,1
1646,1457,1
1647,1457,1
1647,1457,1
1647,1456,1
1647,1456,1
1647,1456,1
1647,1456,1
1647,1456,1
1647,1456,1
1647,1456,1
1648,1455,1
1648,1455,1
1648,1455,1
1648,1455,1
1648,1455,1
1648,1454,1
1648,1454,1
1648,1454,1
1648,1454,1
1648,1454,1
1648,1454,1
1649,1453,1
1649,1453,1
1649,1453,1
1649,1453,1
1649,1453,1
1649,1453,1
1649,1452,1
1649,1452,1
1649,1452,1
1649,1452,1
1649,1452,1
1650,1451,1
1650,1451,1
1650,1451,1
1650,1451,1
1650,1451,1
1650,1451,1
1650,1450,1
1650,1450,1
1650,1450,1
1650,1450,1
1650,1450,1
1651,1450,1
1651,1449,1
1651,1449,1
1651,1449,1
1651,1449,1
1651,1449,1
1651,1448,1
1651,1448,1
1651,1448,1
1651,1448,1
1651,1448,1
1652,1448,1
1652,1447,1
1652,1447,1
1652,1447,1
1652,1447,1
1652,1447,1
1652,1446,1
1652,1446,1
1652,1446,1
1652,1446,1
1652,1446,1
1652,1445,1
1652,1445,1
1652,1445,1
1652,1445,1
1652,1445,1
1652,1444,1
1653,1444,1
1653,1444,1
1653,1444,1
1653,1444,1
1653,1443,1
1653,1443,1
1653,1443,1
1653,1443,1
1653,1443,1
1653,1442,1
1653,1442,1
1653,1442,1
1653,1442,1
1653,1442,1
1653,1441,1
1653,1441,1
1653,1441,1
1653,1441,1
1653,1441,1
1653,1440,1
1653,1440,1
1654,1440,1
1654,1440,1
1654,1440,1
1654,1440,1
1654,1439,1
1654,1439,1
1654,1439,1
1654,1439,1
1654,1439,1
1654,1438,1
1654,1438,1
1654,1438,1
1654,1438,1
1654,1438,1
1654,1437,1
1654,1437,1
1654,1437,1
1654,1437,1
1654,1437,1
1654,1436,1
1654,1436,1
1654,1436,1
1654,1436,1
1654,1435,1
1654,1435,1
1654,1435,1
1654,1435,1
1654,1435,1
1654,1434,1
1654,1434,1
1654,1434,1
1655,1434,1
1655,1433,1
1655,1433,1
1655,1433,1
1655,1433,1
1655,1433,1
1655,1432,1
1655,1432,1
1655,1432,1
1655,1432,1
1655,1431,1
1655,1431,1
1655,1431,1
1655,1431,1
1655,1431,1
1655,1430,1
1655,1430,1
1655,1430,1
1655,1430,1
1655,1430,1
1655,1429,1
1655,1429,1
1655,1429,1
1655,1429,1
1655,1428,1
1655,1428,1
1655,1428,1
1655,1428,1
1655,1428,1
1655,1427,1
1655,1427,1
1655,1427,1
1655,1427,1
1655,1426,1
1655,1426,1
1655,1426,1
1655,1426,1
1655,1426,1
1655,1425,1
1655,1425,1
1655,1425,1
1655,1425,1
1655,1424,1
1655,1424,1
1655,1424,1
1655,1424,1
1655,1423,1
1655,1423,1
1655,1423,1
1655,1423,1
1655,1423,1
1655,1422,1
1655,1422,1
1655,1422,1
1655,1422,1
1654,1421,1
1654,1421,1
1654,1421,1
1654,1421,1
1654,1420,1
1654,1420,1
1654,1420,1
1654,1420,1
1654,1419,1
1654,1419,1
1654,1419,1
1654,1419,1
1654,1419,1
1654,1418,1
1654,1418,1
1654,1418,1
1654,1418,1
1654,1417,1
1654,1417,1
1654,1417,1
1654,1417,1
1654,1416,1
1654,1416,1
1654,1416,1
1654,1416,1
1654,1415,1
1654,1415,1
1654,1415,1
1654,1415,1
1654,1415,1
1654,1414,1
1654,1414,1
1654,1414,1
1653,1414,1
1653,1413,1
1653,1413,1
1653,1413,1
1653,1413,1
1653,1412,1
1653,1412,1
1653,1412,1
1653,1411,1
1653,1411,1
1653,1411,1
1653,1411,1
1653,1410,1
1652,1410,1
1652,1410,1
1652,1410,1
1652,1409,1
1652,1409,1
1652,1409,1
1652,1409,1
1652,1408,1
1652,1408,1
1652,1408,1
1652,1408,1
1652,1407,1
1652,1407,1
1651,1407,1
1651,1406,1
1651,1406,1
1651,1406,1
1651,1406,1
1651,1405,1
1651,1405,1
1651,1405,1
1651,1405,1
1651,1404,1
1651,1404,1
1651,1404,1
1651,1404,1
1650,1403,1
1650,1403,1
1650,1403,1
1650,1403,1
1650,1402,1
1650,1402,1
1650,1402,1
1650,1402,1
1650,1401,1
1650,1401,1
1650,1401,1
1650,1400,1
1649,1400,1
1649,1400,1
1649,1400,1
1649,1399,1
1649,1399,1
1649,1399,1
1649,1399,1
1649,1398,1
1649,1398,1
1648,1398,1
1648,1397,1
1648,1397,1
1648,1397,1
1648,1397,1
1648,1396,1
1648,1396,1
1648,1396,1
1648,1395,1
1648,1395,1
1647,1395,1
1647,1395,1
1647,1394,1
1647,1394,1
1647,1394,1
1647,1394,1
1647,1393,1
1647,1393,1
1647,1393,1
1646,1392,1
1646,1392,1
1646,1392,1
1646,1392,1
1646,1391,1
1646,1391,1
1646,1391,1
1646,1390,1
1646,1390,1
1645,1390,1
1645,1390,1
1645,1389,1
1645,1389,1
1645,1389,1
1645,1389,1
1645,1388,1
1645,1388,1
1645,1388,1
1644,1387,1
1644,1387,1
1644,1387,1
1644,1387,1
1644,1386,1
1644,1386,1
1643,1386,1
1643,1385,1
1643,1385,1
1643,1385,1
1643,1384,1
1643,1384,1
1643,1384,1
1642,1384,1
1642,1383,1
1642,1383,1
1642,1383,1
1642,1382,1
1642,1382,1
1641,1382,1
1641,1381,1
1641,1381,1
1641,1381,1
1641,1380,1
1641,1380,1
1640,1380,1
1640,1380,1
1640,1379,1
1640,1379,1
1640,1379,1
1640,1378,1
1639,1378,1
1639,1378,1
1639,1377,1
1639,1377,1
1639,1377,1
1639,1377,1
1638,1376,1
1638,1376,1
1638,1376,1
1638,1375,1
1638,1375,1
1638,1375,1
1637,1374,1
1637,1374,1
1637,1374,1
1637,1373,1
1637,1373,1
1637,1373,1
1636,1373,1
1636,1372,1
1636,1372,1
1636,1372,1
1636,1371,1
1635,1371,1
1635,1371,1
1635,1370,1
1635,1370,1
1635,1370,1
1635,1369,1
1634,1369,1
1634,1369,1
1634,1368,1
1634,1368,1
1634,1368,1
1633,1368,1
1633,1367,1
1633,1367,1
1633,1367,1
1633,1366,1
1632,1366,1
1632,1366,1
1632,1365,1
1632,1365,1
1632,1365,1
1632,1364,1
1631,1364,1
1631,1364,1
1631,1363,1
1631,1363,1
1631,1363,1
1630,1363,1
1630,1362,1
1630,1362,1
1630,1362,1
1630,1361,1
1629,1361,1
1629,1361,1
1629,1360,1
1629,1360,1
1629,1360,1
1628,1359,1
1628,1359,1
1628,1359,1
1628,1358,1
1628,1358,1
1627,1358,1
1627,1358,1
1627,1357,1
1627,1357,1
1627,1357,1
1626,1356,1
1626,1356,1
1626,1356,1
1626,1355,1
1626,1355,1
1625,1355,1
1625,1354,1
1625,1354,1
1625,1354,1
1624,1353,1
1624,1353,1
1624,1353,1
1624,1352,1
1623,1352,1
1623,1352,1
1623,1351,1
1623,1351,1
1622,1351,1
1622,1350,1
1622,1350,1
1622,1350,1
1622,1349,1
1621,1349,1
1621,1349,1
1621,1348,1
1621,1348,1
1620,1348,1
1620,1347,1
1620,1347,1
1620,1347,1
1619,1346,1
1619,1346,1
1619,1346,1
1619,1345,1
1618,1345,1
1618,1344,1
1618,1344,1
1618,1344,1
1617,1343,1
1617,1343,1
1617,1343,1
1617,1342,1
1616,1342,1
1616,1342,1
1616,1341,1
1616,1341,1
1615,1341,1
1615,1340,1
1615,1340,1
1615,1340,1
1615,1339,1
1614,1339,1
1614,1339,1
1614,1338,1
1613,1338,1
1613,1338,1
1613,1337,1
1613,1337,1
1612,1337,1
1612,1336,1
1612,1336,1
1612,1336,1
1611,1335,1
1611,1335,1
1611,1335,1
1610,1334,1
1610,1334,1
1610,1333,1
1610,1333,1
1609,1333,1
1609,1332,1
1609,1332,1
1609,1332,1
1608,1331,1
1608,1331,1
1608,1331,1
1607,1330,1
1607,1330,1
1607,1330,1
1607,1329,1
1606,1329,1
1606,1329,1
1606,1328,1
1606,1328,1
1605,1327,1
1605,1327,1
1605,1327,1
1604,1326,1
1604,1326,1
1604,1326,1
1604,1325,1
1603,1325,1
1603,1325,1
1603,1324,1
1603,1324,1
1602,1324,1
1602,1323,1
1602,1323,1
1601,1322,1
1601,1322,1
1601,1322,1
1601,1321,1
1600,1321,1
1600,1321,1
1600,1320,1
1599,1320,1
1599,1320,1
1599,1319,1
1598,1319,1
1598,1319,1
1598,1318,1
1598,1318,1
1597,1317,1
1597,1317,1
1597,1317,1
1596,1316,1
1596,1316,1
1596,1316,1
1596,1315,1
1595,1315,1
1595,1315,1
1595,1314,1
1594,1314,1
1594,1313,1
1594,1313,1
1593,1313,1
1593,1312,1
1593,1312,1
1593,1312,1
1592,1311,1
1592,1311,1
1592,1311,1
1591,1310,1
1591,1310,1
1591,1310,1
1590,1309,1
1590,1309,1
1590,1308,1
1590,1308,1
1589,1308,1
1589,1307,1
1589,1307,1
1588,1307,1
1588,1306,1
1588,1306,1
1587,1306,1
1587,1305,1
1587,1305,1
1587,1304,1
1586,1304,1
1586,1304,1
1586,1303,1
1585,1303,1
1585,1303,1
1585,1302,1
1584,1302,1
1584,1301,1
1584,1301,1
1583,1301,1
1583,1300,1
1583,1300,1
1582,1300,1
1582,1299,1
1582,1299,1
1581,1298,1
1581,1298,1
1581,1298,1
1580,1297,1
1580,1297,1
1580,1297,1
1579,1296,1
1579,1296,1
1579,1295,1
1578,1295,1
1578,1295,1
1578,1294,1
1577,1294,1
1577,1294,1
1577,1293,1
1576,1293,1
1576,1292,1
1576,1292,1
1575,1292,1
1575,1291,1
1575,1291,1
1574,1291,1
1574,1290,1
1574,1290,1
1573,1289,1
1573,1289,1
1573,1289,1
1572,1288,1
1572,1288,1
1572,1288,1
1571,1287,1
1571,1287,1
1571,1286,1
1570,1286,1
1570,1286,1
1570,1285,1
1569,1285,1
1569,1285,1
1569,1284,1
1568,1284,1
1568,1283,1
1568,1283,1
1567,1283,1
1567,1282,1
1567,1282,1
1566,1282,1
1566,1281,1
1566,1281,1
1565,1280,1
1565,1280,1
1565,1280,1
1564,1279,1
1564,1279,1
1564,1279,1
1563,1278,1
1563,1278,1
1563,1277,1
1562,1277,1
1562,1277,1
1562,1276,1
1561,1276,1
1561,1276,1
1561,1275,1
1560,1275,1
1560,1274,1
1559,1274,1
1559,1274,1
1559,1273,1
1558,1273,1
1558,1273,1
1558,1272,1
1557,1272,1
1557,1271,1
1557,1271,1
1556,1271,1
1556,1270,1
1556,1270,1
1555,1270,1
1555,1269,1
1555,1269,1
1554,1268,1
1554,1268,1
1554,1268,1
1553,1267,1
1553,1267,1
1553,1267,1
1552,1266,1
1552,1266,1
1552,1265,1
1551,1265,1
1551,1265,1
1550,1264,1
1550,1264,1
1550,1264,1
1549,1263,1
1549,1263,1
1549,1262,1
1548,1262,1
1548,1262,1
1548,1261,1
1547,1261,1
1547,1261,1
1547,1260,1
1546,1260,1
1546,1259,1
1545,1259,1
1545,1259,1
1545,1258,1
1544,1258,1
1544,1258,1
1544,1257,1
1543,1257,1
1543,1256,1
1543,1256,1
1542,1256,1
1542,1255,1
1541,1255,1
1541,1255,1
1541,1254,1
1540,1254,1
1540,1253,1
1540,1253,1
1539,1253,1
1539,1252,1
1539,1252,1
1538,1252,1
1538,1251,1
1538,1251,1
1537,1250,1
1537,1250,1
1536,1250,1
1536,1249,1
1536,1249,1
1535,1249,1
1535,1248,1
1535,1248,1
1534,1247,1
1534,1247,1
1534,1247,1
1533,1246,1
1533,1246,1
1532,1245,1
1532,1245,1
1532,1245,1
1531,1244,1
1531,1244,1
1531,1244,1
1530,1243,1
1530,1243,1
1529,1242,1
1529,1242,1
1529,1242,1
1528,1241,1
1528,1241,1
1528,1241,1
1527,1240,1
1527,1240,1
1526,1239,1
1526,1239,1
1526,1239,1
1525,1238,1
1525,1238,1
1525,1238,1
1524,1237,1
1524,1237,1
1523,1236,1
1523,1236,1
1523,1236,1
1522,1235,1
1522,1235,1
1522,1235,1
1521,1234,1
1521,1234,1
1520,1233,1
1520,1233,1
1520,1233,1
1519,1232,1
1519,1232,1
1519,1231,1
1518,1231,1
1518,1231,1
1517,1230,1
1517,1230,1
1517,1230,1
1516,1229,1
1516,1229,1
