1698,1750,1
1691,1735,1
1684,1721,1
1676,1706,1
1669,1692,1
1661,1678,1
1652,1664,1
1644,1650,1
1635,1636,1
1626,1622,1
1617,1609,1
1608,1595,1
1598,1582,1
1589,1568,1
1579,1555,1
1568,1542,1
1558,1529,1
1548,1516,1
1537,1504,1
1526,1491,1
1515,1478,1
1504,1466,1
1492,1453,1
1481,1441,1
1469,1429,1
1457,1417,1
1445,1405,1
1433,1393,1
1421,1381,1
1409,1370,1
1397,1359,1
1384,1347,1
1371,1336,1
1359,1325,1
1346,1315,1
1333,1304,1
1320,1293,1
1307,1283,1
1294,1273,1
1281,1263,1
1267,1254,1
1254,1244,1
1240,1235,1
1227,1226,1
1213,1217,1
1199,1209,1
1185,1201,1
1171,1193,1
1157,1185,1
