1515,1228,2000
1515,1228,2000
1514,1227,2000
1514,1227,2000
1514,1227,2000
1513,1226,2000
1513,1226,2000
1513,1226,2000
1512,1225,2000
1512,1225,2000
1511,1224,2000
1511,1224,2000
1511,1224,2000
1510,1223,2000
1510,1223,2000
1510,1223,2000
1509,1222,2000
1509,1222,2000
1508,1221,2000
1508,1221,2000
1508,1221,2000
1507,1220,2000
1507,1220,2000
1507,1220,2000
1506,1219,2000
1506,1219,2000
1505,1219,2000
1505,1218,2000
1505,1218,2000
1504,1217,2000
1504,1217,2000
1504,1217,2000
1503,1216,2000
1503,1216,2000
1502,1216,2000
1502,1215,2000
1502,1215,2000
1501,1215,2000
1501,1214,2000
1501,1214,2000
1500,1213,2000
1500,1213,2000
1499,1213,2000
1499,1212,2000
1499,1212,2000
1498,1212,2000
1498,1211,2000
1498,1211,2000
1497,1210,2000
1497,1210,2000
1496,1210,2000
1496,1209,2000
1496,1209,2000
1495,1209,2000
1495,1208,2000
1495,1208,2000
1494,1208,2000
1494,1207,2000
1493,1207,2000
1493,1207,2000
1493,1206,2000
1492,1206,2000
1492,1206,2000
1492,1205,2000
1491,1205,2000
1491,1205,2000
1490,1204,2000
1490,1204,2000
1490,1204,2000
1489,1203,2000
1489,1203,2000
1489,1203,2000
1488,1202,2000
1488,1202,2000
1488,1202,2000
1487,1201,2000
1487,1201,2000
1486,1200,2000
1486,1200,2000
1486,1200,2000
1485,1199,2000
1485,1199,2000
1485,1199,2000
1484,1198,2000
1484,1198,2000
1483,1198,2000
1483,1197,2000
1483,1197,2000
1482,1197,2000
1482,1196,2000
1482,1196,2000
1481,1196,2000
1481,1195,2000
1481,1195,2000
1480,1195,2000
1480,1194,2000
1479,1194,2000
1479,1194,2000
1479,1193,2000
1478,1193,2000
1478,1193,2000
1478,1192,2000
1477,1192,2000
1477,1192,2000
1477,1191,2000
1476,1191,2000
1476,1191,2000
1475,1190,2000
1475,1190,2000
1475,1190,2000
1474,1189,2000
1474,1189,2000
1474,1189,2000
1473,1188,2000
1473,1188,2000
1473,1188,2000
1472,1187,2000
1472,1187,2000
1471,1187,2000
1471,1186,2000
1471,1186,2000
1470,1186,2000
1470,1186,2000
1470,1185,2000
1469,1185,2000
1469,1185,2000
1469,1184,2000
1468,1184,2000
1468,1184,2000
1468,1183,2000
1467,1183,2000
1467,1183,2000
1466,1182,2000
1466,1182,2000
1466,1182,2000
1465,1181,2000
1465,1181,2000
1465,1181,2000
1464,1180,2000
1464,1180,2000
1464,1180,2000
1463,1179,2000
1463,1179,2000
1462,1179,2000
1462,1178,2000
1462,1178,2000
1461,1178,2000
1461,1178,2000
1461,1177,2000
1460,1177,2000
1460,1177,2000
1460,1176,2000
1459,1176,2000
1459,1176,2000
1459,1175,2000
1458,1175,2000
1458,1175,2000
1457,1174,2000
1457,1174,2000
1457,1174,2000
1456,1174,2000
1456,1173,2000
1456,1173,2000
1455,1173,2000
1455,1172,2000
1455,1172,2000
1454,1172,2000
1454,1171,2000
1454,1171,2000
1453,1171,2000
1453,1171,2000
1452,1170,2000
1452,1170,2000
1452,1170,2000
1451,1169,2000
1451,1169,2000
1451,1169,2000
1450,1168,2000
1450,1168,2000
1450,1168,2000
1449,1168,2000
1449,1167,2000
1449,1167,2000
1448,1167,2000
1448,1166,2000
1447,1166,2000
1447,1166,2000
1447,1165,2000
1446,1165,2000
1446,1165,2000
1446,1165,2000
1445,1164,2000
1445,1164,2000
1445,1164,2000
1444,1163,2000
1444,1163,2000
1444,1163,2000
1443,1163,2000
1443,1162,2000
1442,1162,2000
1442,1162,2000
1442,1161,2000
1441,1161,2000
1441,1161,2000
1441,1161,2000
1440,1160,2000
1440,1160,2000
1440,1160,2000
1439,1160,2000
1439,1159,2000
1439,1159,2000
1438,1159,2000
1438,1158,2000
1438,1158,2000
1437,1158,2000
1437,1158,2000
1437,1157,2000
1436,1157,2000
1436,1157,2000
1436,1157,2000
1435,1156,2000
1435,1156,2000
1435,1156,2000
1434,1156,2000
1434,1155,2000
1434,1155,2000
1433,1155,2000
1433,1155,2000
1433,1154,2000
1432,1154,2000
1432,1154,2000
1432,1154,2000
1431,1153,2000
1431,1153,2000
1431,1153,2000
1430,1153,2000
1430,1152,2000
1430,1152,2000
1429,1152,2000
1429,1151,2000
1429,1151,2000
1428,1151,2000
1428,1151,2000
1427,1150,2000
1427,1150,2000
1427,1150,2000
1426,1150,2000
1426,1149,2000
1426,1149,2000
1425,1149,2000
1425,1149,2000
1425,1148,2000
1424,1148,2000
1424,1148,2000
1424,1148,2000
1423,1148,2000
1423,1147,2000
1423,1147,2000
1423,1147,2000
1422,1147,2000
1422,1146,2000
1422,1146,2000
1421,1146,2000
1421,1146,2000
1421,1145,2000
1420,1145,2000
1420,1145,2000
1420,1145,2000
1419,1145,2000
1419,1144,2000
1419,1144,2000
1418,1144,2000
1418,1144,2000
1418,1143,2000
1417,1143,2000
1417,1143,2000
1417,1143,2000
1416,1142,2000
1416,1142,2000
1416,1142,2000
1415,1142,2000
1415,1142,2000
1415,1141,2000
1414,1141,2000
1414,1141,2000
1414,1141,2000
1413,1140,2000
1413,1140,2000
1413,1140,2000
1412,1140,2000
1412,1140,2000
1412,1139,2000
1411,1139,2000
1411,1139,2000
1411,1139,2000
1410,1138,2000
1410,1138,2000
1410,1138,2000
1409,1138,2000
1409,1138,2000
1409,1137,2000
1408,1137,2000
1408,1137,2000
1408,1137,2000
1407,1137,2000
1407,1136,2000
1407,1136,2000
1407,1136,2000
1406,1136,2000
1406,1136,2000
1406,1135,2000
1405,1135,2000
1405,1135,2000
1405,1135,2000
1404,1135,2000
1404,1134,2000
1404,1134,2000
1403,1134,2000
1403,1134,2000
1403,1134,2000
1403,1133,2000
1402,1133,2000
1402,1133,2000
1402,1133,2000
1401,1133,2000
1401,1133,2000
1401,1132,2000
1400,1132,2000
1400,1132,2000
1400,1132,2000
1399,1132,2000
1399,1131,2000
1399,1131,2000
1398,1131,2000
1398,1131,2000
1398,1131,2000
1398,1130,2000
1397,1130,2000
1397,1130,2000
1397,1130,2000
1396,1130,2000
1396,1130,2000
1396,1129,2000
1395,1129,2000
1395,1129,2000
1395,1129,2000
1394,1129,2000
1394,1128,2000
1394,1128,2000
1394,1128,2000
1393,1128,2000
1393,1128,2000
1393,1128,2000
1392,1127,2000
1392,1127,2000
1392,1127,2000
1392,1127,2000
1391,1127,2000
1391,1127,2000
1391,1127,2000
1390,1126,2000
1390,1126,2000
1390,1126,2000
1390,1126,2000
1389,1126,2000
1389,1126,2000
1389,1126,2000
1388,1125,2000
1388,1125,2000
1388,1125,2000
1388,1125,2000
1387,1125,2000
1387,1125,2000
1387,1125,2000
1386,1125,2000
1386,1124,2000
1386,1124,2000
1386,1124,2000
1385,1124,2000
1385,1124,2000
1385,1124,2000
1384,1124,2000
1384,1123,2000
1384,1123,2000
1384,1123,2000
1383,1123,2000
1383,1123,2000
1383,1123,2000
1382,1123,2000
1382,1122,2000
1382,1122,2000
1382,1122,2000
1381,1122,2000
1381,1122,2000
1381,1122,2000
1380,1122,2000
1380,1122,2000
1380,1121,2000
1380,1121,2000
1379,1121,2000
1379,1121,2000
1379,1121,2000
1378,1121,2000
1378,1121,2000
1378,1121,2000
1378,1120,2000
1377,1120,2000
1377,1120,2000
1377,1120,2000
1376,1120,2000
1376,1120,2000
1376,1120,2000
1376,1120,2000
1375,1120,2000
1375,1119,2000
1375,1119,2000
1374,1119,2000
1374,1119,2000
1374,1119,2000
1374,1119,2000
1373,1119,2000
1373,1119,2000
1373,1119,2000
1373,1118,2000
1372,1118,2000
1372,1118,2000
1372,1118,2000
1371,1118,2000
1371,1118,2000
1371,1118,2000
1371,1118,2000
1370,1118,2000
1370,1118,2000
1370,1117,2000
1370,1117,2000
1369,1117,2000
1369,1117,2000
1369,1117,2000
1368,1117,2000
1368,1117,2000
1368,1117,2000
1368,1117,2000
1367,1116,2000
1367,1116,2000
1367,1116,2000
1366,1116,2000
1366,1116,2000
1366,1116,2000
1366,1116,2000
1365,1116,2000
1365,1116,2000
1365,1116,2000
1365,1116,2000
1364,1116,2000
1364,1115,2000
1364,1115,2000
1364,1115,2000
1363,1115,2000
1363,1115,2000
1363,1115,2000
1363,1115,2000
1362,1115,2000
1362,1115,2000
1362,1115,2000
1362,1115,2000
1361,1115,2000
1361,1115,2000
1361,1115,2000
1361,1115,2000
1360,1115,2000
1360,1115,2000
1360,1115,2000
1360,1114,2000
1359,1114,2000
1359,1114,2000
1359,1114,2000
1359,1114,2000
1358,1114,2000
1358,1114,2000
1358,1114,2000
1358,1114,2000
1357,1114,2000
1357,1114,2000
1357,1114,2000
1357,1114,2000
1356,1114,2000
1356,1114,2000
1356,1114,2000
1356,1114,2000
1355,1114,2000
1355,1114,2000
1355,1114,2000
1355,1114,2000
1354,1113,2000
1354,1113,2000
1354,1113,2000
1354,1113,2000
1353,1113,2000
1353,1113,2000
1353,1113,2000
1353,1113,2000
1352,1113,2000
1352,1113,2000
1352,1113,2000
1352,1113,2000
1352,1113,2000
1351,1113,2000
1351,1113,2000
1351,1113,2000
1351,1113,2000
1350,1113,2000
1350,1113,2000
1350,1113,2000
1350,1113,2000
1349,1113,2000
1349,1113,2000
1349,1113,2000
1349,1113,2000
1348,1113,2000
1348,1113,2000
1348,1113,2000
1348,1113,2000
1348,1113,2000
1347,1113,2000
1347,1113,2000
1347,1113,2000
1347,1113,2000
1346,1113,2000
1346,1113,2000
1346,1113,2000
1346,1112,2000
1345,1112,2000
1345,1112,2000
1345,1112,2000
1345,1112,2000
1344,1112,2000
1344,1112,2000
1344,1112,2000
1344,1112,2000
1344,1112,2000
1343,1112,2000
1343,1112,2000
1343,1112,2000
1343,1112,2000
1342,1112,2000
1342,1112,2000
1342,1112,2000
1342,1112,2000
1341,1112,2000
1341,1112,2000
1341,1112,2000
1341,1112,2000
1341,1112,2000
1340,1112,2000
1340,1112,2000
1340,1112,2000
1340,1112,2000
1340,1112,2000
1339,1112,2000
1339,1112,2000
1339,1112,2000
1339,1112,2000
1338,1112,2000
1338,1113,2000
1338,1113,2000
1338,1113,2000
1338,1113,2000
1337,1113,2000
1337,1113,2000
1337,1113,2000
1337,1113,2000
1337,1113,2000
1336,1113,2000
1336,1113,2000
1336,1113,2000
1336,1113,2000
1336,1113,2000
1335,1113,2000
1335,1113,2000
1335,1113,2000
1335,1113,2000
1334,1113,2000
1334,1113,2000
1334,1113,2000
1334,1113,2000
1334,1113,2000
1333,1113,2000
1333,1113,2000
1333,1113,2000
1333,1113,2000
1333,1113,2000
1332,1113,2000
1332,1113,2000
1332,1113,2000
1332,1113,2000
1332,1113,2000
1331,1114,2000
1331,1114,2000
1331,1114,2000
1331,1114,2000
1331,1114,2000
1330,1114,2000
1330,1114,2000
1330,1114,2000
1330,1114,2000
1330,1114,2000
1329,1114,2000
1329,1114,2000
1329,1114,2000
1329,1114,2000
1329,1114,2000
1328,1114,2000
1328,1114,2000
1328,1115,2000
1328,1115,2000
1328,1115,2000
1327,1115,2000
1327,1115,2000
1327,1115,2000
1327,1115,2000
1327,1115,2000
1327,1115,2000
1326,1115,2000
1326,1115,2000
1326,1115,2000
1326,1115,2000
1326,1115,2000
1325,1115,2000
1325,1116,2000
1325,1116,2000
1325,1116,2000
1325,1116,2000
1324,1116,2000
1324,1116,2000
1324,1116,2000
1324,1116,2000
1324,1116,2000
1323,1116,2000
1323,1116,2000
1323,1116,2000
1323,1116,2000
1323,1116,2000
1322,1116,2000
1322,1117,2000
1322,1117,2000
1322,1117,2000
1322,1117,2000
1322,1117,2000
1321,1117,2000
1321,1117,2000
1321,1117,2000
1321,1117,2000
1321,1117,2000
1320,1117,2000
1320,1117,2000
1320,1118,2000
1320,1118,2000
1320,1118,2000
1320,1118,2000
1319,1118,2000
1319,1118,2000
1319,1118,2000
1319,1118,2000
1319,1118,2000
1319,1118,2000
1318,1118,2000
1318,1119,2000
1318,1119,2000
1318,1119,2000
1318,1119,2000
1317,1119,2000
1317,1119,2000
1317,1119,2000
1317,1119,2000
1317,1119,2000
1317,1119,2000
1316,1120,2000
1316,1120,2000
1316,1120,2000
1316,1120,2000
1316,1120,2000
1316,1120,2000
1315,1120,2000
1315,1120,2000
1315,1120,2000
1315,1120,2000
1315,1121,2000
1314,1121,2000
1314,1121,2000
1314,1121,2000
1314,1121,2000
1314,1121,2000
1314,1121,2000
1313,1121,2000
1313,1121,2000
1313,1121,2000
1313,1122,2000
1313,1122,2000
1313,1122,2000
1312,1122,2000
1312,1122,2000
1312,1122,2000
1312,1122,2000
1312,1122,2000
1312,1123,2000
1311,1123,2000
1311,1123,2000
1311,1123,2000
1311,1123,2000
1311,1123,2000
1311,1123,2000
1311,1123,2000
1310,1124,2000
1310,1124,2000
1310,1124,2000
1310,1124,2000
1310,1124,2000
1310,1124,2000
1309,1124,2000
1309,1125,2000
1309,1125,2000
1309,1125,2000
1309,1125,2000
1309,1125,2000
1309,1125,2000
1308,1125,2000
1308,1126,2000
1308,1126,2000
1308,1126,2000
1308,1126,2000
1308,1126,2000
1308,1126,2000
1307,1126,2000
1307,1126,2000
1307,1127,2000
1307,1127,2000
1307,1127,2000
1307,1127,2000
1306,1127,2000
1306,1127,2000
1306,1127,2000
1306,1128,2000
1306,1128,2000
1306,1128,2000
1305,1128,2000
1305,1128,2000
1305,1128,2000
1305,1128,2000
1305,1129,2000
1305,1129,2000
1305,1129,2000
1304,1129,2000
1304,1129,2000
1304,1129,2000
1304,1130,2000
1304,1130,2000
1304,1130,2000
1304,1130,2000
1304,1130,2000
1303,1130,2000
1303,1131,2000
1303,1131,2000
1303,1131,2000
1303,1131,2000
1303,1131,2000
1303,1131,2000
1303,1131,2000
1302,1132,2000
1302,1132,2000
1302,1132,2000
1302,1132,2000
1302,1132,2000
1302,1132,2000
1302,1133,2000
1301,1133,2000
1301,1133,2000
1301,1133,2000
1301,1133,2000
1301,1133,2000
1301,1134,2000
1301,1134,2000
1301,1134,2000
1300,1134,2000
1300,1134,2000
1300,1134,2000
1300,1135,2000
1300,1135,2000
1300,1135,2000
1300,1135,2000
1300,1135,2000
1299,1135,2000
1299,1136,2000
1299,1136,2000
1299,1136,2000
1299,1136,2000
1299,1136,2000
1299,1136,2000
1298,1137,2000
1298,1137,2000
1298,1137,2000
1298,1137,2000
1298,1137,2000
1298,1138,2000
1298,1138,2000
1298,1138,2000
1297,1138,2000
1297,1138,2000
1297,1138,2000
1297,1139,2000
1297,1139,2000
1297,1139,2000
1297,1139,2000
1297,1139,2000
1297,1140,2000
1296,1140,2000
1296,1140,2000
1296,1140,2000
1296,1140,2000
1296,1141,2000
1296,1141,2000
1296,1141,2000
1296,1141,2000
1296,1141,2000
1295,1142,2000
1295,1142,2000
1295,1142,2000
1295,1142,2000
1295,1142,2000
1295,1142,2000
1295,1143,2000
1295,1143,2000
1294,1143,2000
1294,1143,2000
1294,1143,2000
1294,1144,2000
1294,1144,2000
1294,1144,2000
1294,1144,2000
1294,1144,2000
1294,1145,2000
1293,1145,2000
1293,1145,2000
1293,1145,2000
1293,1145,2000
1293,1146,2000
1293,1146,2000
1293,1146,2000
1293,1146,2000
1292,1146,2000
1292,1146,2000
1292,1147,2000
1292,1147,2000
1292,1147,2000
1292,1147,2000
1292,1148,2000
1292,1148,2000
1292,1148,2000
1292,1148,2000
1291,1148,2000
1291,1149,2000
1291,1149,2000
1291,1149,2000
1291,1149,2000
1291,1150,2000
1291,1150,2000
1291,1150,2000
1291,1150,2000
1291,1150,2000
1290,1151,2000
1290,1151,2000
1290,1151,2000
1290,1151,2000
1290,1152,2000
1290,1152,2000
1290,1152,2000
1290,1152,2000
1290,1152,2000
1290,1153,2000
1289,1153,2000
1289,1153,2000
1289,1153,2000
1289,1154,2000
1289,1154,2000
1289,1154,2000
1289,1154,2000
1289,1154,2000
1289,1155,2000
1289,1155,2000
1288,1155,2000
1288,1155,2000
1288,1156,2000
1288,1156,2000
1288,1156,2000
1288,1156,2000
1288,1156,2000
1288,1157,2000
1288,1157,2000
1288,1157,2000
1287,1157,2000
1287,1158,2000
1287,1158,2000
1287,1158,2000
1287,1158,2000
1287,1159,2000
1287,1159,2000
1287,1159,2000
1287,1159,2000
1287,1159,2000
1287,1160,2000
1287,1160,2000
1287,1160,2000
1286,1160,2000
1286,1161,2000
1286,1161,2000
1286,1161,2000
1286,1161,2000
1286,1162,2000
1286,1162,2000
1286,1162,2000
1286,1162,2000
1286,1163,2000
1286,1163,2000
1286,1163,2000
1286,1163,2000
1285,1164,2000
1285,1164,2000
1285,1164,2000
1285,1164,2000
1285,1165,2000
1285,1165,2000
1285,1165,2000
1285,1165,2000
1285,1166,2000
1285,1166,2000
1285,1166,2000
1285,1166,2000
1285,1167,2000
1284,1167,2000
1284,1167,2000
1284,1167,2000
1284,1168,2000
1284,1168,2000
1284,1168,2000
1284,1168,2000
1284,1169,2000
1284,1169,2000
1284,1169,2000
1284,1169,2000
1284,1169,2000
1283,1170,2000
1283,1170,2000
1283,1170,2000
1283,1171,2000
1283,1171,2000
1283,1171,2000
1283,1171,2000
1283,1172,2000
1283,1172,2000
1283,1172,2000
1283,1172,2000
1283,1173,2000
1283,1173,2000
1283,1173,2000
1283,1173,2000
1283,1174,2000
1283,1174,2000
1283,1174,2000
1282,1174,2000
1282,1175,2000
1282,1175,2000
1282,1175,2000
1282,1175,2000
1282,1176,2000
1282,1176,2000
1282,1176,2000
1282,1176,2000
1282,1177,2000
1282,1177,2000
1282,1177,2000
1282,1178,2000
1282,1178,2000
1282,1178,2000
1282,1178,2000
1282,1179,2000
1282,1179,2000
1281,1179,2000
1281,1179,2000
1281,1180,2000
1281,1180,2000
1281,1180,2000
1281,1180,2000
1281,1181,2000
1281,1181,2000
1281,1181,2000
1281,1181,2000
1281,1182,2000
1281,1182,2000
1281,1182,2000
1281,1182,2000
1281,1183,2000
1281,1183,2000
1281,1183,2000
1280,1184,2000
1280,1184,2000
1280,1184,2000
1280,1184,2000
1280,1185,2000
1280,1185,2000
1280,1185,2000
1280,1185,2000
1280,1186,2000
1280,1186,2000
1280,1186,2000
1280,1187,2000
1280,1187,2000
1280,1187,2000
1280,1187,2000
1280,1188,2000
1280,1188,2000
1280,1188,2000
1280,1188,2000
1280,1189,2000
1280,1189,2000
1280,1189,2000
1280,1190,2000
1280,1190,2000
1280,1190,2000
1279,1190,2000
1279,1191,2000
1279,1191,2000
1279,1191,2000
1279,1191,2000
1279,1192,2000
1279,1192,2000
1279,1192,2000
1279,1193,2000
1279,1193,2000
1279,1193,2000
1279,1193,2000
1279,1194,2000
1279,1194,2000
1279,1194,2000
1279,1194,2000
1279,1195,2000
1279,1195,2000
1279,1195,2000
1279,1196,2000
1279,1196,2000
1279,1196,2000
1278,1196,2000
1278,1197,2000
1278,1197,2000
1278,1197,2000
1278,1198,2000
1278,1198,2000
1278,1198,2000
1278,1198,2000
1278,1199,2000
1278,1199,2000
1278,1199,2000
1278,1200,2000
1278,1200,2000
1278,1200,2000
1278,1200,2000
1278,1201,2000
1278,1201,2000
1278,1201,2000
1278,1202,2000
1278,1202,2000
1278,1202,2000
1278,1202,2000
1278,1203,2000
1278,1203,2000
1278,1203,2000
1278,1204,2000
1278,1204,2000
1278,1204,2000
1278,1205,2000
1278,1205,2000
1278,1205,2000
1278,1205,2000
1278,1206,2000
1278,1206,2000
1278,1206,2000
1278,1207,2000
1278,1207,2000
1278,1207,2000
1278,1207,2000
1278,1208,2000
1278,1208,2000
1278,1208,2000
1278,1209,2000
1277,1209,2000
1277,1209,2000
1277,1209,2000
1277,1210,2000
1277,1210,2000
1277,1210,2000
1277,1211,2000
1277,1211,2000
1277,1211,2000
1277,1212,2000
1277,1212,2000
1277,1212,2000
1277,1212,2000
1277,1213,2000
1277,1213,2000
1277,1213,2000
1277,1214,2000
1277,1214,2000
1277,1214,2000
1277,1215,2000
1277,1215,2000
1277,1215,2000
1277,1215,2000
1277,1216,2000
1277,1216,2000
1277,1216,2000
1277,1217,2000
1277,1217,2000
1277,1217,2000
1277,1218,2000
1277,1218,2000
1277,1218,2000
1277,1218,2000
1277,1219,2000
1277,1219,2000
1277,1219,2000
1277,1220,2000
1277,1220,2000
1277,1220,2000
1277,1221,2000
1277,1221,2000
1277,1221,2000
1277,1222,2000
1277,1222,2000
1277,1222,2000
1277,1222,2000
1277,1223,2000
1277,1223,2000
1277,1223,2000
1277,1224,2000
1277,1224,2000
1277,1224,2000
1277,1225,2000
1277,1225,2000
1277,1225,2000
1277,1225,2000
1277,1226,2000
1277,1226,2000
1277,1226,2000
1277,1227,2000
1277,1227,2000
1277,1227,2000
1277,1228,2000
1277,1228,2000
1277,1228,2000
1277,1229,2000
1277,1229,2000
1277,1229,2000
1277,1229,2000
1278,1230,2000
1278,1230,2000
1278,1230,2000
1278,1231,2000
1278,1231,2000
1278,1231,2000
1278,1232,2000
1278,1232,2000
1278,1232,2000
1278,1233,2000
1278,1233,2000
1278,1233,2000
1278,1234,2000
1278,1234,2000
1278,1234,2000
1278,1234,2000
1278,1235,2000
1278,1235,2000
1278,1235,2000
1278,1236,2000
1278,1236,2000
1278,1236,2000
1278,1237,2000
1278,1237,2000
1278,1237,2000
1278,1238,2000
1278,1238,2000
1278,1238,2000
1278,1238,2000
1278,1239,2000
1278,1239,2000
1278,1239,2000
1278,1240,2000
1278,1240,2000
1278,1240,2000
1278,1241,2000
1278,1241,2000
1278,1241,2000
1278,1242,2000
1278,1242,2000
1278,1242,2000
1278,1243,2000
1278,1243,2000
1278,1243,2000
1278,1243,2000
1278,1244,2000
1278,1244,2000
1278,1244,2000
1278,1245,2000
1278,1245,2000
1278,1245,2000
1278,1246,2000
1279,1246,2000
1279,1246,2000
1279,1247,2000
1279,1247,2000
1279,1247,2000
1279,1248,2000
1279,1248,2000
1279,1248,2000
1279,1249,2000
1279,1249,2000
1279,1249,2000
1279,1249,2000
1279,1250,2000
1279,1250,2000
1279,1250,2000
1279,1251,2000
1279,1251,2000
1279,1251,2000
1279,1252,2000
1279,1252,2000
1279,1252,2000
1279,1253,2000
1279,1253,2000
1279,1253,2000
1279,1254,2000
1279,1254,2000
1279,1254,2000
1279,1255,2000
1279,1255,2000
1279,1255,2000
1279,1255,2000
1279,1256,2000
1280,1256,2000
1280,1256,2000
1280,1257,2000
1280,1257,2000
1280,1257,2000
1280,1258,2000
1280,1258,2000
1280,1258,2000
1280,1259,2000
1280,1259,2000
1280,1259,2000
1280,1260,2000
1280,1260,2000
1280,1260,2000
1280,1261,2000
1280,1261,2000
1280,1261,2000
1280,1262,2000
1281,1262,2000
1281,1262,2000
1281,1262,2000
1281,1263,2000
1281,1263,2000
1281,1263,2000
1281,1264,2000
1281,1264,2000
1281,1264,2000
1281,1265,2000
1281,1265,2000
1281,1265,2000
1281,1266,2000
1281,1266,2000
1281,1266,2000
1281,1267,2000
1281,1267,2000
1282,1267,2000
1282,1268,2000
1282,1268,2000
1282,1268,2000
1282,1269,2000
1282,1269,2000
1282,1269,2000
1282,1269,2000
1282,1270,2000
1282,1270,2000
1282,1270,2000
1282,1271,2000
1282,1271,2000
1282,1271,2000
1282,1272,2000
1282,1272,2000
1282,1272,2000
1283,1273,2000
1283,1273,2000
1283,1273,2000
1283,1274,2000
1283,1274,2000
1283,1274,2000
1283,1275,2000
1283,1275,2000
1283,1275,2000
1283,1276,2000
1283,1276,2000
1283,1276,2000
1283,1277,2000
1283,1277,2000
1284,1277,2000
1284,1278,2000
1284,1278,2000
1284,1278,2000
1284,1278,2000
1284,1279,2000
1284,1279,2000
1284,1279,2000
1284,1280,2000
1284,1280,2000
1284,1280,2000
1284,1281,2000
1284,1281,2000
1284,1281,2000
1285,1282,2000
1285,1282,2000
1285,1282,2000
1285,1283,2000
1285,1283,2000
1285,1283,2000
1285,1284,2000
1285,1284,2000
1285,1284,2000
1285,1285,2000
1285,1285,2000
1285,1285,2000
1285,1286,2000
1285,1286,2000
1285,1286,2000
1286,1287,2000
1286,1287,2000
1286,1287,2000
1286,1288,2000
1286,1288,2000
1286,1288,2000
1286,1289,2000
1286,1289,2000
1286,1289,2000
1286,1289,2000
1286,1290,2000
1286,1290,2000
1286,1290,2000
1287,1291,2000
1287,1291,2000
1287,1291,2000
1287,1292,2000
1287,1292,2000
1287,1292,2000
1287,1293,2000
1287,1293,2000
1287,1293,2000
1287,1294,2000
1288,1294,2000
1288,1294,2000
1288,1295,2000
1288,1295,2000
1288,1295,2000
1288,1296,2000
1288,1296,2000
1288,1296,2000
1288,1297,2000
1289,1297,2000
1289,1297,2000
1289,1298,2000
1289,1298,2000
1289,1298,2000
1289,1298,2000
1289,1299,2000
1289,1299,2000
1289,1299,2000
1289,1300,2000
1290,1300,2000
1290,1300,2000
1290,1301,2000
1290,1301,2000
1290,1301,2000
1290,1302,2000
1290,1302,2000
1290,1302,2000
1290,1303,2000
1290,1303,2000
1291,1303,2000
1291,1304,2000
1291,1304,2000
1291,1304,2000
1291,1305,2000
1291,1305,2000
1291,1305,2000
1291,1306,2000
1291,1306,2000
1291,1306,2000
1292,1306,2000
1292,1307,2000
1292,1307,2000
1292,1307,2000
1292,1308,2000
1292,1308,2000
1292,1308,2000
1292,1309,2000
1292,1309,2000
1293,1309,2000
1293,1310,2000
1293,1310,2000
1293,1310,2000
1293,1311,2000
1293,1311,2000
1293,1311,2000
1293,1312,2000
1293,1312,2000
1294,1312,2000
1294,1313,2000
1294,1313,2000
1294,1313,2000
1294,1313,2000
1294,1314,2000
1294,1314,2000
1294,1314,2000
1294,1315,2000
1295,1315,2000
1295,1315,2000
1295,1316,2000
1295,1316,2000
1295,1316,2000
1295,1317,2000
1295,1317,2000
1295,1317,2000
1295,1318,2000
1296,1318,2000
1296,1318,2000
1296,1319,2000
1296,1319,2000
1296,1319,2000
1296,1319,2000
1296,1320,2000
1296,1320,2000
1296,1320,2000
1297,1321,2000
1297,1321,2000
1297,1321,2000
1297,1322,2000
1297,1322,2000
1297,1322,2000
1297,1323,2000
1297,1323,2000
1298,1323,2000
1298,1324,2000
1298,1324,2000
1298,1324,2000
1298,1324,2000
1298,1325,2000
1298,1325,2000
1299,1325,2000
1299,1326,2000
1299,1326,2000
1299,1326,2000
1299,1327,2000
1299,1327,2000
1299,1327,2000
1300,1328,2000
1300,1328,2000
1300,1328,2000
1300,1328,2000
1300,1329,2000
1300,1329,2000
1300,1329,2000
1301,1330,2000
1301,1330,2000
1301,1330,2000
1301,1331,2000
1301,1331,2000
1301,1331,2000
1301,1332,2000
1302,1332,2000
1302,1332,2000
1302,1333,2000
1302,1333,2000
1302,1333,2000
1302,1333,2000
1302,1334,2000
1302,1334,2000
1303,1334,2000
1303,1335,2000
1303,1335,2000
1303,1335,2000
1303,1336,2000
1303,1336,2000
1303,1336,2000
1304,1337,2000
1304,1337,2000
1304,1337,2000
1304,1337,2000
1304,1338,2000
1304,1338,2000
1304,1338,2000
1305,1339,2000
1305,1339,2000
1305,1339,2000
1305,1340,2000
1305,1340,2000
1305,1340,2000
1306,1341,2000
1306,1341,2000
1306,1341,2000
1306,1341,2000
1306,1342,2000
1306,1342,2000
1307,1342,2000
1307,1343,2000
1307,1343,2000
1307,1343,2000
1307,1344,2000
1307,1344,2000
1308,1344,2000
1308,1344,2000
1308,1345,2000
1308,1345,2000
1308,1345,2000
1308,1346,2000
1308,1346,2000
1309,1346,2000
1309,1347,2000
1309,1347,2000
1309,1347,2000
1309,1348,2000
1309,1348,2000
1310,1348,2000
1310,1348,2000
1310,1349,2000
1310,1349,2000
1310,1349,2000
1310,1350,2000
1311,1350,2000
1311,1350,2000
1311,1351,2000
1311,1351,2000
1311,1351,2000
1311,1352,2000
1311,1352,2000
1312,1352,2000
1312,1352,2000
1312,1353,2000
1312,1353,2000
1312,1353,2000
1312,1354,2000
1313,1354,2000
1313,1354,2000
1313,1354,2000
1313,1355,2000
1313,1355,2000
1314,1355,2000
1314,1356,2000
1314,1356,2000
1314,1356,2000
1314,1357,2000
1314,1357,2000
1315,1357,2000
1315,1357,2000
1315,1358,2000
1315,1358,2000
1315,1358,2000
1315,1359,2000
1316,1359,2000
1316,1359,2000
1316,1359,2000
1316,1360,2000
1316,1360,2000
1316,1360,2000
1317,1361,2000
1317,1361,2000
1317,1361,2000
1317,1362,2000
1317,1362,2000
1317,1362,2000
1318,1362,2000
1318,1363,2000
1318,1363,2000
1318,1363,2000
1318,1364,2000
1319,1364,2000
1319,1364,2000
1319,1365,2000
1319,1365,2000
1319,1365,2000
1319,1365,2000
1320,1366,2000
1320,1366,2000
1320,1366,2000
1320,1367,2000
1320,1367,2000
1320,1367,2000
1321,1367,2000
1321,1368,2000
1321,1368,2000
1321,1368,2000
1321,1369,2000
1322,1369,2000
1322,1369,2000
1322,1369,2000
1322,1370,2000
1322,1370,2000
1323,1370,2000
1323,1371,2000
1323,1371,2000
1323,1371,2000
1323,1371,2000
1324,1372,2000
1324,1372,2000
1324,1372,2000
1324,1373,2000
1324,1373,2000
1325,1373,2000
1325,1373,2000
1325,1374,2000
1325,1374,2000
1325,1374,2000
1326,1375,2000
1326,1375,2000
1326,1375,2000
1326,1375,2000
1326,1376,2000
1327,1376,2000
1327,1376,2000
1327,1377,2000
1327,1377,2000
1327,1377,2000
1328,1377,2000
1328,1378,2000
1328,1378,2000
1328,1378,2000
1328,1379,2000
1329,1379,2000
1329,1379,2000
1329,1379,2000
1329,1380,2000
1329,1380,2000
1329,1380,2000
1330,1381,2000
1330,1381,2000
1330,1381,2000
1330,1381,2000
1331,1382,2000
1331,1382,2000
1331,1382,2000
1331,1382,2000
1331,1383,2000
1332,1383,2000
1332,1383,2000
1332,1384,2000
1332,1384,2000
1332,1384,2000
1333,1384,2000
1333,1385,2000
1333,1385,2000
1333,1385,2000
1333,1385,2000
1334,1386,2000
1334,1386,2000
1334,1386,2000
1334,1386,2000
1335,1387,2000
1335,1387,2000
1335,1387,2000
1335,1387,2000
1335,1388,2000
1336,1388,2000
1336,1388,2000
1336,1389,2000
1336,1389,2000
1336,1389,2000
1337,1389,2000
1337,1390,2000
1337,1390,2000
1337,1390,2000
1338,1390,2000
1338,1391,2000
1338,1391,2000
1338,1391,2000
1338,1391,2000
1339,1392,2000
1339,1392,2000
1339,1392,2000
1339,1393,2000
1339,1393,2000
1340,1393,2000
1340,1393,2000
1340,1394,2000
1340,1394,2000
1340,1394,2000
1341,1394,2000
1341,1395,2000
1341,1395,2000
1341,1395,2000
1342,1395,2000
1342,1396,2000
1342,1396,2000
1342,1396,2000
1342,1396,2000
1343,1397,2000
1343,1397,2000
1343,1397,2000
1343,1398,2000
1344,1398,2000
1344,1398,2000
1344,1398,2000
1344,1399,2000
1345,1399,2000
1345,1399,2000
1345,1399,2000
1345,1400,2000
1345,1400,2000
1346,1400,2000
1346,1400,2000
1346,1401,2000
1346,1401,2000
1347,1401,2000
1347,1401,2000
1347,1402,2000
1347,1402,2000
1348,1402,2000
1348,1402,2000
1348,1403,2000
1348,1403,2000
1348,1403,2000
1349,1403,2000
1349,1404,2000
1349,1404,2000
1349,1404,2000
1350,1404,2000
1350,1405,2000
1350,1405,2000
1350,1405,2000
1350,1405,2000
1351,1406,2000
1351,1406,2000
1351,1406,2000
1351,1407,2000
1352,1407,2000
1352,1407,2000
1352,1407,2000
1352,1408,2000
1353,1408,2000
1353,1408,2000
1353,1408,2000
1353,1409,2000
1354,1409,2000
1354,1409,2000
1354,1409,2000
1354,1409,2000
1355,1410,2000
1355,1410,2000
1355,1410,2000
1355,1410,2000
1356,1411,2000
1356,1411,2000
1356,1411,2000
1356,1411,2000
1357,1412,2000
1357,1412,2000
1357,1412,2000
1357,1412,2000
1358,1413,2000
1358,1413,2000
1358,1413,2000
1358,1413,2000
1359,1414,2000
1359,1414,2000
1359,1414,2000
1359,1414,2000
1360,1415,2000
1360,1415,2000
1360,1415,2000
1360,1415,2000
1361,1416,2000
1361,1416,2000
1361,1416,2000
1361,1416,2000
1362,1417,2000
1362,1417,2000
1362,1417,2000
1362,1417,2000
1363,1418,2000
1363,1418,2000
1363,1418,2000
1363,1418,2000
1364,1419,2000
1364,1419,2000
1364,1419,2000
1364,1419,2000
1365,1420,2000
1365,1420,2000
1365,1420,2000
1365,1420,2000
1366,1420,2000
1366,1421,2000
1366,1421,2000
1366,1421,2000
1367,1421,2000
1367,1422,2000
1367,1422,2000
1367,1422,2000
1368,1422,2000
1368,1422,2000
1368,1423,2000
1369,1423,2000
1369,1423,2000
1369,1423,2000
1369,1424,2000
1370,1424,2000
1370,1424,2000
1370,1424,2000
1370,1424,2000
1371,1425,2000
1371,1425,2000
1371,1425,2000
1371,1425,2000
1372,1426,2000
1372,1426,2000
1372,1426,2000
1372,1426,2000
1373,1427,2000
1373,1427,2000
1373,1427,2000
1374,1427,2000
1374,1427,2000
1374,1428,2000
1374,1428,2000
1375,1428,2000
1375,1428,2000
1375,1429,2000
1375,1429,2000
1376,1429,2000
1376,1429,2000
1376,1430,2000
1376,1430,2000
1377,1430,2000
1377,1430,2000
1377,1430,2000
1378,1431,2000
1378,1431,2000
1378,1431,2000
1378,1431,2000
1379,1431,2000
1379,1432,2000
1379,1432,2000
1379,1432,2000
1380,1432,2000
1380,1432,2000
1380,1433,2000
1381,1433,2000
1381,1433,2000
1381,1433,2000
1381,1434,2000
1382,1434,2000
1382,1434,2000
1382,1434,2000
1382,1434,2000
1383,1435,2000
1383,1435,2000
1383,1435,2000
1384,1435,2000
1384,1435,2000
1384,1436,2000
1384,1436,2000
1385,1436,2000
1385,1436,2000
1385,1436,2000
1386,1437,2000
1386,1437,2000
1386,1437,2000
1386,1437,2000
1387,1437,2000
1387,1438,2000
1387,1438,2000
1387,1438,2000
1388,1438,2000
1388,1438,2000
1388,1439,2000
1389,1439,2000
1389,1439,2000
1389,1439,2000
1389,1439,2000
1390,1440,2000
1390,1440,2000
1390,1440,2000
1390,1440,2000
1391,1440,2000
1391,1441,2000
1391,1441,2000
1392,1441,2000
1392,1441,2000
1392,1441,2000
1392,1442,2000
1393,1442,2000
1393,1442,2000
1393,1442,2000
1394,1442,2000
1394,1443,2000
1394,1443,2000
1394,1443,2000
1395,1443,2000
1395,1443,2000
1395,1444,2000
1396,1444,2000
1396,1444,2000
1396,1444,2000
1396,1444,2000
1397,1444,2000
1397,1445,2000
1397,1445,2000
1398,1445,2000
1398,1445,2000
1398,1445,2000
1398,1446,2000
1399,1446,2000
1399,1446,2000
1399,1446,2000
1400,1446,2000
1400,1447,2000
1400,1447,2000
1400,1447,2000
1401,1447,2000
1401,1447,2000
1401,1447,2000
1402,1448,2000
1402,1448,2000
1402,1448,2000
1402,1448,2000
1403,1448,2000
1403,1449,2000
1403,1449,2000
1404,1449,2000
1404,1449,2000
1404,1449,2000
1404,1450,2000
1405,1450,2000
1405,1450,2000
1405,1450,2000
1405,1450,2000
1406,1451,2000
1406,1451,2000
1406,1451,2000
1407,1451,2000
1407,1451,2000
1407,1451,2000
1408,1452,2000
1408,1452,2000
1408,1452,2000
1408,1452,2000
1409,1452,2000
1409,1452,2000
1409,1453,2000
1410,1453,2000
1410,1453,2000
1410,1453,2000
1411,1453,2000
1411,1453,2000
1411,1454,2000
1411,1454,2000
1412,1454,2000
1412,1454,2000
1412,1454,2000
1413,1454,2000
1413,1455,2000
1413,1455,2000
1414,1455,2000
1414,1455,2000
1414,1455,2000
1414,1456,2000
1415,1456,2000
1415,1456,2000
1415,1456,2000
1416,1456,2000
1416,1456,2000
1416,1457,2000
1417,1457,2000
1417,1457,2000
1417,1457,2000
1417,1457,2000
1418,1457,2000
1418,1458,2000
1418,1458,2000
1419,1458,2000
1419,1458,2000
1419,1458,2000
1420,1458,2000
1420,1459,2000
1420,1459,2000
1421,1459,2000
1421,1459,2000
1421,1459,2000
1421,1459,2000
1422,1460,2000
1422,1460,2000
1422,1460,2000
1423,1460,2000
1423,1460,2000
1423,1460,2000
1424,1460,2000
1424,1461,2000
1424,1461,2000
1425,1461,2000
1425,1461,2000
1425,1461,2000
1425,1461,2000
1426,1462,2000
1426,1462,2000
1426,1462,2000
1427,1462,2000
1427,1462,2000
1427,1462,2000
1428,1462,2000
1428,1463,2000
1428,1463,2000
1429,1463,2000
1429,1463,2000
1429,1463,2000
1429,1463,2000
1430,1463,2000
1430,1464,2000
1430,1464,2000
1431,1464,2000
1431,1464,2000
1431,1464,2000
1432,1464,2000
1432,1464,2000
1432,1465,2000
1433,1465,2000
1433,1465,2000
1433,1465,2000
1433,1465,2000
1434,1465,2000
1434,1466,2000
1434,1466,2000
1435,1466,2000
1435,1466,2000
1435,1466,2000
1436,1466,2000
1436,1466,2000
1436,1467,2000
1437,1467,2000
1437,1467,2000
1437,1467,2000
1437,1467,2000
1438,1467,2000
1438,1467,2000
1438,1467,2000
1439,1468,2000
1439,1468,2000
1439,1468,2000
1440,1468,2000
1440,1468,2000
1440,1468,2000
1441,1468,2000
1441,1469,2000
1441,1469,2000
1442,1469,2000
1442,1469,2000
1442,1469,2000
1443,1469,2000
1443,1469,2000
1443,1469,2000
1443,1470,2000
1444,1470,2000
1444,1470,2000
1444,1470,2000
1445,1470,2000
1445,1470,2000
1445,1470,2000
1446,1471,2000
1446,1471,2000
1446,1471,2000
1447,1471,2000
1447,1471,2000
1447,1471,2000
1448,1471,2000
1448,1472,2000
1448,1472,2000
1448,1472,2000
1449,1472,2000
1449,1472,2000
1449,1472,2000
1450,1472,2000
1450,1472,2000
1450,1473,2000
1451,1473,2000
1451,1473,2000
1451,1473,2000
1452,1473,2000
1452,1473,2000
1452,1473,2000
1453,1473,2000
1453,1474,2000
1453,1474,2000
1454,1474,2000
1454,1474,2000
1454,1474,2000
1455,1474,2000
1455,1474,2000
1455,1474,2000
1455,1475,2000
1456,1475,2000
1456,1475,2000
1456,1475,2000
1457,1475,2000
1457,1475,2000
1457,1475,2000
1458,1475,2000
1458,1475,2000
1458,1476,2000
1459,1476,2000
1459,1476,2000
1459,1476,2000
1460,1476,2000
1460,1476,2000
1460,1476,2000
1461,1476,2000
1461,1476,2000
1461,1477,2000
1462,1477,2000
1462,1477,2000
1462,1477,2000
1462,1477,2000
1463,1477,2000
1463,1477,2000
1463,1477,2000
1464,1477,2000
1464,1478,2000
1464,1478,2000
1465,1478,2000
1465,1478,2000
1465,1478,2000
1466,1478,2000
1466,1478,2000
1466,1478,2000
1467,1479,2000
1467,1479,2000
1467,1479,2000
1468,1479,2000
1468,1479,2000
1468,1479,2000
1469,1479,2000
1469,1479,2000
1469,1479,2000
1469,1479,2000
1470,1480,2000
1470,1480,2000
1470,1480,2000
1471,1480,2000
1471,1480,2000
1471,1480,2000
1472,1480,2000
1472,1480,2000
1472,1480,2000
1473,1480,2000
1473,1480,2000
1473,1480,2000
1474,1481,2000
1474,1481,2000
1474,1481,2000
1475,1481,2000
1475,1481,2000
1475,1481,2000
1476,1481,2000
1476,1481,2000
1476,1481,2000
1477,1481,2000
1477,1481,2000
1477,1481,2000
1477,1482,2000
1478,1482,2000
1478,1482,2000
1478,1482,2000
1479,1482,2000
1479,1482,2000
1479,1482,2000
1480,1482,2000
1480,1482,2000
1480,1482,2000
1481,1482,2000
1481,1483,2000
1481,1483,2000
1482,1483,2000
1482,1483,2000
1482,1483,2000
1483,1483,2000
1483,1483,2000
1483,1483,2000
1484,1483,2000
1484,1483,2000
1484,1483,2000
1485,1483,2000
1485,1484,2000
1485,1484,2000
1486,1484,2000
1486,1484,2000
1486,1484,2000
1486,1484,2000
1487,1484,2000
1487,1484,2000
1487,1484,2000
1488,1484,2000
1488,1484,2000
1488,1484,2000
1489,1484,2000
1489,1485,2000
1489,1485,2000
1490,1485,2000
1490,1485,2000
1490,1485,2000
1491,1485,2000
1491,1485,2000
1491,1485,2000
1492,1485,2000
1492,1485,2000
1492,1485,2000
1493,1485,2000
1493,1486,2000
1493,1486,2000
1494,1486,2000
1494,1486,2000
1494,1486,2000
1495,1486,2000
1495,1486,2000
1495,1486,2000
1496,1486,2000
1496,1486,2000
1496,1486,2000
1497,1486,2000
1497,1486,2000
1497,1487,2000
1497,1487,2000
1498,1487,2000
1498,1487,2000
1498,1487,2000
1499,1487,2000
1499,1487,2000
1499,1487,2000
1500,1487,2000
1500,1487,2000
1500,1487,2000
1501,1487,2000
1501,1487,2000
1501,1487,2000
1502,1488,2000
1502,1488,2000
1502,1488,2000
1503,1488,2000
1503,1488,2000
1503,1488,2000
1504,1488,2000
1504,1488,2000
1504,1488,2000
1505,1488,2000
1505,1488,2000
1505,1488,2000
1506,1488,2000
1506,1488,2000
1506,1488,2000
1506,1488,2000
1507,1488,2000
1507,1488,2000
1507,1488,2000
1508,1488,2000
1508,1488,2000
1508,1488,2000
1509,1488,2000
1509,1489,2000
1509,1489,2000
1510,1489,2000
1510,1489,2000
1510,1489,2000
1511,1489,2000
1511,1489,2000
1511,1489,2000
1512,1489,2000
1512,1489,2000
1512,1489,2000
1513,1489,2000
1513,1489,2000
1513,1489,2000
1514,1489,2000
1514,1489,2000
1514,1489,2000
1515,1489,2000
1515,1489,2000
1515,1489,2000
1515,1490,2000
1516,1490,2000
1516,1490,2000
1516,1490,2000
1517,1490,2000
1517,1490,2000
1517,1490,2000
1518,1490,2000
1518,1490,2000
1518,1490,2000
1519,1490,2000
1519,1490,2000
1519,1490,2000
1520,1490,2000
1520,1490,2000
1520,1490,2000
1521,1490,2000
1521,1490,2000
1521,1490,2000
1521,1490,2000
1522,1490,2000
1522,1490,2000
1522,1490,2000
1523,1490,2000
1523,1490,2000
1523,1490,2000
1524,1490,2000
1524,1491,2000
1524,1491,2000
1525,1491,2000
1525,1491,2000
1525,1491,2000
1526,1491,2000
1526,1491,2000
1526,1491,2000
1526,1491,2000
1527,1491,2000
1527,1491,2000
1527,1491,2000
1528,1491,2000
1528,1491,2000
1528,1491,2000
1529,1491,2000
1529,1491,2000
1529,1491,2000
1530,1491,2000
1530,1491,2000
1530,1491,2000
1531,1491,2000
1531,1491,2000
1531,1491,2000
1532,1491,2000
1532,1492,2000
1532,1492,2000
1532,1492,2000
1533,1492,2000
1533,1492,2000
1533,1492,2000
1534,1492,2000
1534,1492,2000
1534,1492,2000
1535,1492,2000
1535,1492,2000
1535,1492,2000
1536,1492,2000
1536,1492,2000
1536,1492,2000
1536,1492,2000
1537,1492,2000
1537,1492,2000
1537,1492,2000
1538,1492,2000
1538,1492,2000
1538,1492,2000
1539,1492,2000
1539,1492,2000
1539,1492,2000
1539,1492,2000
1540,1492,2000
1540,1492,2000
1540,1492,2000
1541,1492,2000
1541,1492,2000
1541,1492,2000
1542,1492,2000
1542,1492,2000
1542,1492,2000
1543,1492,2000
1543,1492,2000
1543,1492,2000
1543,1492,2000
1544,1492,2000
1544,1492,2000
1544,1492,2000
1545,1492,2000
1545,1492,2000
1545,1492,2000
1546,1492,2000
1546,1492,2000
1546,1492,2000
1547,1492,2000
1547,1492,2000
1547,1492,2000
1547,1492,2000
1548,1492,2000
1548,1492,2000
1548,1492,2000
1549,1492,2000
1549,1492,2000
1549,1492,2000
1550,1492,2000
1550,1492,2000
1550,1492,2000
1550,1492,2000
1551,1492,2000
1551,1492,2000
1551,1492,2000
1552,1492,2000
1552,1492,2000
1552,1492,2000
1553,1492,2000
1553,1492,2000
1553,1492,2000
1553,1492,2000
1554,1492,2000
1554,1492,2000
1554,1492,2000
1555,1492,2000
1555,1492,2000
1555,1492,2000
1556,1492,2000
1556,1492,2000
1556,1492,2000
1556,1492,2000
1557,1492,2000
1557,1492,2000
1557,1492,2000
1558,1492,2000
1558,1492,2000
1558,1492,2000
1559,1492,2000
1559,1492,2000
1559,1492,2000
1559,1492,2000
1560,1492,2000
1560,1492,2000
1560,1492,2000
1561,1492,2000
1561,1492,2000
1561,1492,2000
1561,1492,2000
1562,1492,2000
1562,1492,2000
1562,1492,2000
1563,1492,2000
1563,1492,2000
1563,1492,2000
1564,1492,2000
1564,1492,2000
1564,1491,2000
1564,1491,2000
1565,1491,2000
1565,1491,2000
1565,1491,2000
1566,1491,2000
1566,1491,2000
1566,1491,2000
1566,1491,2000
1567,1491,2000
1567,1491,2000
1567,1491,2000
1568,1491,2000
1568,1491,2000
1568,1491,2000
1568,1491,2000
1569,1491,2000
1569,1491,2000
1569,1491,2000
1570,1491,2000
1570,1491,2000
1570,1491,2000
1570,1491,2000
1571,1491,2000
1571,1491,2000
1571,1491,2000
1572,1491,2000
1572,1491,2000
1572,1491,2000
1572,1491,2000
1573,1491,2000
1573,1491,2000
1573,1491,2000
1574,1491,2000
1574,1491,2000
1574,1491,2000
1574,1491,2000
1575,1491,2000
1575,1491,2000
1575,1491,2000
1576,1491,2000
1576,1491,2000
1576,1491,2000
1576,1491,2000
1577,1491,2000
1577,1491,2000
1577,1490,2000
1577,1490,2000
1578,1490,2000
1578,1490,2000
1578,1490,2000
1579,1490,2000
1579,1490,2000
1579,1490,2000
1579,1490,2000
1580,1490,2000
1580,1490,2000
1580,1490,2000
1580,1490,2000
1581,1490,2000
1581,1490,2000
1581,1490,2000
1582,1490,2000
1582,1490,2000
1582,1490,2000
1582,1490,2000
1583,1490,2000
1583,1489,2000
1583,1489,2000
1583,1489,2000
1584,1489,2000
1584,1489,2000
1584,1489,2000
1585,1489,2000
1585,1489,2000
1585,1489,2000
1585,1489,2000
1586,1489,2000
1586,1489,2000
1586,1489,2000
1586,1489,2000
1587,1489,2000
1587,1489,2000
1587,1489,2000
1588,1489,2000
1588,1489,2000
1588,1489,2000
1588,1489,2000
1589,1489,2000
1589,1489,2000
1589,1488,2000
1589,1488,2000
1590,1488,2000
1590,1488,2000
1590,1488,2000
1590,1488,2000
1591,1488,2000
1591,1488,2000
1591,1488,2000
1591,1488,2000
1592,1488,2000
1592,1488,2000
1592,1488,2000
1592,1488,2000
1593,1488,2000
1593,1488,2000
1593,1487,2000
1593,1487,2000
1594,1487,2000
1594,1487,2000
1594,1487,2000
1594,1487,2000
1595,1487,2000
1595,1487,2000
1595,1487,2000
1595,1487,2000
1596,1487,2000
1596,1487,2000
1596,1487,2000
1596,1487,2000
1597,1487,2000
1597,1487,2000
1597,1486,2000
1597,1486,2000
1598,1486,2000
1598,1486,2000
1598,1486,2000
1598,1486,2000
1599,1486,2000
1599,1486,2000
1599,1486,2000
1599,1486,2000
1600,1486,2000
1600,1486,2000
1600,1486,2000
1600,1486,2000
1601,1486,2000
1601,1486,2000
1601,1485,2000
1601,1485,2000
1602,1485,2000
1602,1485,2000
1602,1485,2000
1602,1485,2000
1603,1485,2000
1603,1485,2000
1603,1485,2000
1603,1485,2000
1604,1485,2000
1604,1485,2000
1604,1485,2000
1604,1485,2000
1604,1484,2000
1605,1484,2000
1605,1484,2000
1605,1484,2000
1605,1484,2000
1606,1484,2000
1606,1484,2000
1606,1484,2000
1606,1484,2000
1607,1484,2000
1607,1484,2000
1607,1484,2000
1607,1484,2000
1608,1483,2000
1608,1483,2000
1608,1483,2000
1608,1483,2000
1608,1483,2000
1609,1483,2000
1609,1483,2000
1609,1483,2000
1609,1483,2000
1610,1483,2000
1610,1483,2000
1610,1483,2000
1610,1482,2000
1611,1482,2000
1611,1482,2000
1611,1482,2000
1611,1482,2000
1611,1482,2000
1612,1482,2000
1612,1482,2000
1612,1482,2000
1612,1482,2000
1613,1482,2000
1613,1482,2000
1613,1482,2000
1613,1482,2000
1614,1481,2000
1614,1481,2000
1614,1481,2000
1614,1481,2000
1614,1481,2000
1615,1481,2000
1615,1481,2000
1615,1481,2000
1615,1481,2000
1616,1481,2000
1616,1480,2000
1616,1480,2000
1616,1480,2000
1616,1480,2000
1617,1480,2000
1617,1480,2000
1617,1480,2000
1617,1480,2000
1617,1480,2000
1618,1480,2000
1618,1479,2000
1618,1479,2000
1618,1479,2000
1619,1479,2000
1619,1479,2000
1619,1479,2000
1619,1479,2000
1619,1479,2000
1620,1479,2000
1620,1479,2000
1620,1478,2000
1620,1478,2000
1620,1478,2000
1621,1478,2000
1621,1478,2000
1621,1478,2000
1621,1478,2000
1621,1478,2000
1622,1478,2000
1622,1478,2000
1622,1477,2000
1622,1477,2000
1623,1477,2000
1623,1477,2000
1623,1477,2000
1623,1477,2000
1623,1477,2000
1624,1477,2000
1624,1477,2000
1624,1477,2000
1624,1476,2000
1624,1476,2000
1625,1476,2000
1625,1476,2000
1625,1476,2000
1625,1476,2000
1625,1476,2000
1626,1476,2000
1626,1476,2000
1626,1475,2000
1626,1475,2000
1626,1475,2000
1626,1475,2000
1627,1475,2000
1627,1475,2000
1627,1475,2000
1627,1475,2000
1627,1474,2000
1628,1474,2000
1628,1474,2000
1628,1474,2000
1628,1474,2000
1628,1474,2000
1629,1474,2000
1629,1474,2000
1629,1473,2000
1629,1473,2000
1629,1473,2000
1629,1473,2000
1630,1473,2000
1630,1473,2000
1630,1473,2000
1630,1473,2000
1630,1472,2000
1631,1472,2000
1631,1472,2000
1631,1472,2000
1631,1472,2000
1631,1472,2000
1631,1472,2000
1632,1472,2000
1632,1472,2000
1632,1471,2000
1632,1471,2000
1632,1471,2000
1633,1471,2000
1633,1471,2000
1633,1471,2000
1633,1471,2000
1633,1471,2000
1633,1470,2000
1634,1470,2000
1634,1470,2000
1634,1470,2000
1634,1470,2000
1634,1470,2000
1634,1470,2000
1635,1470,2000
1635,1469,2000
1635,1469,2000
1635,1469,2000
1635,1469,2000
1635,1469,2000
1636,1469,2000
1636,1469,2000
1636,1468,2000
1636,1468,2000
1636,1468,2000
1636,1468,2000
1636,1468,2000
1637,1468,2000
1637,1468,2000
1637,1467,2000
1637,1467,2000
1637,1467,2000
1637,1467,2000
1637,1467,2000
1638,1467,2000
1638,1467,2000
1638,1466,2000
1638,1466,2000
1638,1466,2000
1638,1466,2000
1639,1466,2000
1639,1466,2000
1639,1466,2000
1639,1465,2000
1639,1465,2000
1639,1465,2000
1639,1465,2000
1640,1465,2000
1640,1465,2000
1640,1465,2000
1640,1464,2000
1640,1464,2000
1640,1464,2000
1640,1464,2000
1641,1464,2000
1641,1464,2000
1641,1464,2000
1641,1464,2000
1641,1463,2000
1641,1463,2000
1641,1463,2000
1642,1463,2000
1642,1463,2000
1642,1463,2000
1642,1462,2000
1642,1462,2000
1642,1462,2000
1642,1462,2000
1642,1462,2000
1643,1462,2000
1643,1462,2000
1643,1461,2000
1643,1461,2000
1643,1461,2000
1643,1461,2000
1643,1461,2000
1643,1461,2000
1644,1460,2000
1644,1460,2000
1644,1460,2000
1644,1460,2000
1644,1460,2000
1644,1460,2000
1644,1460,2000
1644,1459,2000
1645,1459,2000
1645,1459,2000
1645,1459,2000
1645,1459,2000
1645,1459,2000
1645,1458,2000
1645,1458,2000
1645,1458,2000
1646,1458,2000
1646,1458,2000
1646,1458,2000
1646,1458,2000
1646,1457,2000
1646,1457,2000
1646,1457,2000
1646,1457,2000
1647,1457,2000
1647,1457,2000
1647,1456,2000
1647,1456,2000
1647,1456,2000
1647,1456,2000
1647,1456,2000
1647,1456,2000
1647,1456,2000
1648,1455,2000
1648,1455,2000
1648,1455,2000
1648,1455,2000
1648,1455,2000
1648,1454,2000
1648,1454,2000
1648,1454,2000
1648,1454,2000
1648,1454,2000
1648,1454,2000
1649,1453,2000
1649,1453,2000
1649,1453,2000
1649,1453,2000
1649,1453,2000
1649,1453,2000
1649,1452,2000
1649,1452,2000
1649,1452,2000
1649,1452,2000
1649,1452,2000
1650,1451,2000
1650,1451,2000
1650,1451,2000
1650,1451,2000
1650,1451,2000
1650,1451,2000
1650,1450,2000
1650,1450,2000
1650,1450,2000
1650,1450,2000
1650,1450,2000
1651,1450,2000
1651,1449,2000
1651,1449,2000
1651,1449,2000
1651,1449,2000
1651,1449,2000
1651,1448,2000
1651,1448,2000
1651,1448,2000
1651,1448,2000
1651,1448,2000
1652,1448,2000
1652,1447,2000
1652,1447,2000
1652,1447,2000
1652,1447,2000
1652,1447,2000
1652,1446,2000
1652,1446,2000
1652,1446,2000
1652,1446,2000
1652,1446,2000
1652,1445,2000
1652,1445,2000
1652,1445,2000
1652,1445,2000
1652,1445,2000
1652,1444,2000
1653,1444,2000
1653,1444,2000
1653,1444,2000
1653,1444,2000
1653,1443,2000
1653,1443,2000
1653,1443,2000
1653,1443,2000
1653,1443,2000
1653,1442,2000
1653,1442,2000
1653,1442,2000
1653,1442,2000
1653,1442,2000
1653,1441,2000
1653,1441,2000
1653,1441,2000
1653,1441,2000
1653,1441,2000
1653,1440,2000
1653,1440,2000
1654,1440,2000
1654,1440,2000
1654,1440,2000
1654,1440,2000
1654,1439,2000
1654,1439,2000
1654,1439,2000
1654,1439,2000
1654,1439,2000
1654,1438,2000
1654,1438,2000
1654,1438,2000
1654,1438,2000
1654,1438,2000
1654,1437,2000
1654,1437,2000
1654,1437,2000
1654,1437,2000
1654,1437,2000
1654,1436,2000
1654,1436,2000
1654,1436,2000
1654,1436,2000
1654,1435,2000
1654,1435,2000
1654,1435,2000
1654,1435,2000
1654,1435,2000
1654,1434,2000
1654,1434,2000
1654,1434,2000
1655,1434,2000
1655,1433,2000
1655,1433,2000
1655,1433,2000
1655,1433,2000
1655,1433,2000
1655,1432,2000
1655,1432,2000
1655,1432,2000
1655,1432,2000
1655,1431,2000
1655,1431,2000
1655,1431,2000
1655,1431,2000
1655,1431,2000
1655,1430,2000
1655,1430,2000
1655,1430,2000
1655,1430,2000
1655,1430,2000
1655,1429,2000
1655,1429,2000
1655,1429,2000
1655,1429,2000
1655,1428,2000
1655,1428,2000
1655,1428,2000
1655,1428,2000
1655,1428,2000
1655,1427,2000
1655,1427,2000
1655,1427,2000
1655,1427,2000
1655,1426,2000
1655,1426,2000
1655,1426,2000
1655,1426,2000
1655,1426,2000
1655,1425,2000
1655,1425,2000
1655,1425,2000
1655,1425,2000
1655,1424,2000
1655,1424,2000
1655,1424,2000
1655,1424,2000
1655,1423,2000
1655,1423,2000
1655,1423,2000
1655,1423,2000
1655,1423,2000
1655,1422,2000
1655,1422,2000
1655,1422,2000
1655,1422,2000
1654,1421,2000
1654,1421,2000
1654,1421,2000
1654,1421,2000
1654,1420,2000
1654,1420,2000
1654,1420,2000
1654,1420,2000
1654,1419,2000
1654,1419,2000
1654,1419,2000
1654,1419,2000
1654,1419,2000
1654,1418,2000
1654,1418,2000
1654,1418,2000
1654,1418,2000
1654,1417,2000
1654,1417,2000
1654,1417,2000
1654,1417,2000
1654,1416,2000
1654,1416,2000
1654,1416,2000
1654,1416,2000
1654,1415,2000
1654,1415,2000
1654,1415,2000
1654,1415,2000
1654,1415,2000
1654,1414,2000
1654,1414,2000
1654,1414,2000
1653,1414,2000
1653,1413,2000
1653,1413,2000
1653,1413,2000
1653,1413,2000
1653,1412,2000
1653,1412,2000
1653,1412,2000
1653,1411,2000
1653,1411,2000
1653,1411,2000
1653,1411,2000
1653,1410,2000
1652,1410,2000
1652,1410,2000
1652,1410,2000
1652,1409,2000
1652,1409,2000
1652,1409,2000
1652,1409,2000
1652,1408,2000
1652,1408,2000
1652,1408,2000
1652,1408,2000
1652,1407,2000
1652,1407,2000
1651,1407,2000
1651,1406,2000
1651,1406,2000
1651,1406,2000
1651,1406,2000
1651,1405,2000
1651,1405,2000
1651,1405,2000
1651,1405,2000
1651,1404,2000
1651,1404,2000
1651,1404,2000
1651,1404,2000
1650,1403,2000
1650,1403,2000
1650,1403,2000
1650,1403,2000
1650,1402,2000
1650,1402,2000
1650,1402,2000
1650,1402,2000
1650,1401,2000
1650,1401,2000
1650,1401,2000
1650,1400,2000
1649,1400,2000
1649,1400,2000
1649,1400,2000
1649,1399,2000
1649,1399,2000
1649,1399,2000
1649,1399,2000
1649,1398,2000
1649,1398,2000
1648,1398,2000
1648,1397,2000
1648,1397,2000
1648,1397,2000
1648,1397,2000
1648,1396,2000
1648,1396,2000
1648,1396,2000
1648,1395,2000
1648,1395,2000
1647,1395,2000
1647,1395,2000
1647,1394,2000
1647,1394,2000
1647,1394,2000
1647,1394,2000
1647,1393,2000
1647,1393,2000
1647,1393,2000
1646,1392,2000
1646,1392,2000
1646,1392,2000
1646,1392,2000
1646,1391,2000
1646,1391,2000
1646,1391,2000
1646,1390,2000
1646,1390,2000
1645,1390,2000
1645,1390,2000
1645,1389,2000
1645,1389,2000
1645,1389,2000
1645,1389,2000
1645,1388,2000
1645,1388,2000
1645,1388,2000
1644,1387,2000
1644,1387,2000
1644,1387,2000
1644,1387,2000
1644,1386,2000
1644,1386,2000
1643,1386,2000
1643,1385,2000
1643,1385,2000
1643,1385,2000
1643,1384,2000
1643,1384,2000
1643,1384,2000
1642,1384,2000
1642,1383,2000
1642,1383,2000
1642,1383,2000
1642,1382,2000
1642,1382,2000
1641,1382,2000
1641,1381,2000
1641,1381,2000
1641,1381,2000
1641,1380,2000
1641,1380,2000
1640,1380,2000
1640,1380,2000
1640,1379,2000
1640,1379,2000
1640,1379,2000
1640,1378,2000
1639,1378,2000
1639,1378,2000
1639,1377,2000
1639,1377,2000
1639,1377,2000
1639,1377,2000
1638,1376,2000
1638,1376,2000
1638,1376,2000
1638,1375,2000
1638,1375,2000
1638,1375,2000
1637,1374,2000
1637,1374,2000
1637,1374,2000
1637,1373,2000
1637,1373,2000
1637,1373,2000
1636,1373,2000
1636,1372,2000
1636,1372,2000
1636,1372,2000
1636,1371,2000
1635,1371,2000
1635,1371,2000
1635,1370,2000
1635,1370,2000
1635,1370,2000
1635,1369,2000
1634,1369,2000
1634,1369,2000
1634,1368,2000
1634,1368,2000
1634,1368,2000
1633,1368,2000
1633,1367,2000
1633,1367,2000
1633,1367,2000
1633,1366,2000
1632,1366,2000
1632,1366,2000
1632,1365,2000
1632,1365,2000
1632,1365,2000
1632,1364,2000
1631,1364,2000
1631,1364,2000
1631,1363,2000
1631,1363,2000
1631,1363,2000
1630,1363,2000
1630,1362,2000
1630,1362,2000
1630,1362,2000
1630,1361,2000
1629,1361,2000
1629,1361,2000
1629,1360,2000
1629,1360,2000
1629,1360,2000
1628,1359,2000
1628,1359,2000
1628,1359,2000
1628,1358,2000
1628,1358,2000
1627,1358,2000
1627,1358,2000
1627,1357,2000
1627,1357,2000
1627,1357,2000
1626,1356,2000
1626,1356,2000
1626,1356,2000
1626,1355,2000
1626,1355,2000
1625,1355,2000
1625,1354,2000
1625,1354,2000
1625,1354,2000
1624,1353,2000
1624,1353,2000
1624,1353,2000
1624,1352,2000
1623,1352,2000
1623,1352,2000
1623,1351,2000
1623,1351,2000
1622,1351,2000
1622,1350,2000
1622,1350,2000
1622,1350,2000
1622,1349,2000
1621,1349,2000
1621,1349,2000
1621,1348,2000
1621,1348,2000
1620,1348,2000
1620,1347,2000
1620,1347,2000
1620,1347,2000
1619,1346,2000
1619,1346,2000
1619,1346,2000
1619,1345,2000
1618,1345,2000
1618,1344,2000
1618,1344,2000
1618,1344,2000
1617,1343,2000
1617,1343,2000
1617,1343,2000
1617,1342,2000
1616,1342,2000
1616,1342,2000
1616,1341,2000
1616,1341,2000
1615,1341,2000
1615,1340,2000
1615,1340,2000
1615,1340,2000
1615,1339,2000
1614,1339,2000
1614,1339,2000
1614,1338,2000
1613,1338,2000
1613,1338,2000
1613,1337,2000
1613,1337,2000
1612,1337,2000
1612,1336,2000
1612,1336,2000
1612,1336,2000
1611,1335,2000
1611,1335,2000
1611,1335,2000
1610,1334,2000
1610,1334,2000
1610,1333,2000
1610,1333,2000
1609,1333,2000
1609,1332,2000
1609,1332,2000
1609,1332,2000
1608,1331,2000
1608,1331,2000
1608,1331,2000
1607,1330,2000
1607,1330,2000
1607,1330,2000
1607,1329,2000
1606,1329,2000
1606,1329,2000
1606,1328,2000
1606,1328,2000
1605,1327,2000
1605,1327,2000
1605,1327,2000
1604,1326,2000
1604,1326,2000
1604,1326,2000
1604,1325,2000
1603,1325,2000
1603,1325,2000
1603,1324,2000
1603,1324,2000
1602,1324,2000
1602,1323,2000
1602,1323,2000
1601,1322,2000
1601,1322,2000
1601,1322,2000
1601,1321,2000
1600,1321,2000
1600,1321,2000
1600,1320,2000
1599,1320,2000
1599,1320,2000
1599,1319,2000
1598,1319,2000
1598,1319,2000
1598,1318,2000
1598,1318,2000
1597,1317,2000
1597,1317,2000
1597,1317,2000
1596,1316,2000
1596,1316,2000
1596,1316,2000
1596,1315,2000
1595,1315,2000
1595,1315,2000
1595,1314,2000
1594,1314,2000
1594,1313,2000
1594,1313,2000
1593,1313,2000
1593,1312,2000
1593,1312,2000
1593,1312,2000
1592,1311,2000
1592,1311,2000
1592,1311,2000
1591,1310,2000
1591,1310,2000
1591,1310,2000
1590,1309,2000
1590,1309,2000
1590,1308,2000
1590,1308,2000
1589,1308,2000
1589,1307,2000
1589,1307,2000
1588,1307,2000
1588,1306,2000
1588,1306,2000
1587,1306,2000
1587,1305,2000
1587,1305,2000
1587,1304,2000
1586,1304,2000
1586,1304,2000
1586,1303,2000
1585,1303,2000
1585,1303,2000
1585,1302,2000
1584,1302,2000
1584,1301,2000
1584,1301,2000
1583,1301,2000
1583,1300,2000
1583,1300,2000
1582,1300,2000
1582,1299,2000
1582,1299,2000
1581,1298,2000
1581,1298,2000
1581,1298,2000
1580,1297,2000
1580,1297,2000
1580,1297,2000
1579,1296,2000
1579,1296,2000
1579,1295,2000
1578,1295,2000
1578,1295,2000
1578,1294,2000
1577,1294,2000
1577,1294,2000
1577,1293,2000
1576,1293,2000
1576,1292,2000
1576,1292,2000
1575,1292,2000
1575,1291,2000
1575,1291,2000
1574,1291,2000
1574,1290,2000
1574,1290,2000
1573,1289,2000
1573,1289,2000
1573,1289,2000
1572,1288,2000
1572,1288,2000
1572,1288,2000
1571,1287,2000
1571,1287,2000
1571,1286,2000
1570,1286,2000
1570,1286,2000
1570,1285,2000
1569,1285,2000
1569,1285,2000
1569,1284,2000
1568,1284,2000
1568,1283,2000
1568,1283,2000
1567,1283,2000
1567,1282,2000
1567,1282,2000
1566,1282,2000
1566,1281,2000
1566,1281,2000
1565,1280,2000
1565,1280,2000
1565,1280,2000
1564,1279,2000
1564,1279,2000
1564,1279,2000
1563,1278,2000
1563,1278,2000
1563,1277,2000
1562,1277,2000
1562,1277,2000
1562,1276,2000
1561,1276,2000
1561,1276,2000
1561,1275,2000
1560,1275,2000
1560,1274,2000
1559,1274,2000
1559,1274,2000
1559,1273,2000
1558,1273,2000
1558,1273,2000
1558,1272,2000
1557,1272,2000
1557,1271,2000
1557,1271,2000
1556,1271,2000
1556,1270,2000
1556,1270,2000
1555,1270,2000
1555,1269,2000
1555,1269,2000
1554,1268,2000
1554,1268,2000
1554,1268,2000
1553,1267,2000
1553,1267,2000
1553,1267,2000
1552,1266,2000
1552,1266,2000
1552,1265,2000
1551,1265,2000
1551,1265,2000
1550,1264,2000
1550,1264,2000
1550,1264,2000
1549,1263,2000
1549,1263,2000
1549,1262,2000
1548,1262,2000
1548,1262,2000
1548,1261,2000
1547,1261,2000
1547,1261,2000
1547,1260,2000
1546,1260,2000
1546,1259,2000
1545,1259,2000
1545,1259,2000
1545,1258,2000
1544,1258,2000
1544,1258,2000
1544,1257,2000
1543,1257,2000
1543,1256,2000
1543,1256,2000
1542,1256,2000
1542,1255,2000
1541,1255,2000
1541,1255,2000
1541,1254,2000
1540,1254,2000
1540,1253,2000
1540,1253,2000
1539,1253,2000
1539,1252,2000
1539,1252,2000
1538,1252,2000
1538,1251,2000
1538,1251,2000
1537,1250,2000
1537,1250,2000
1536,1250,2000
1536,1249,2000
1536,1249,2000
1535,1249,2000
1535,1248,2000
1535,1248,2000
1534,1247,2000
1534,1247,2000
1534,1247,2000
1533,1246,2000
1533,1246,2000
1532,1245,2000
1532,1245,2000
1532,1245,2000
1531,1244,2000
1531,1244,2000
1531,1244,2000
1530,1243,2000
1530,1243,2000
1529,1242,2000
1529,1242,2000
1529,1242,2000
1528,1241,2000
1528,1241,2000
1528,1241,2000
1527,1240,2000
1527,1240,2000
1526,1239,2000
1526,1239,2000
1526,1239,2000
1525,1238,2000
1525,1238,2000
1525,1238,2000
1524,1237,2000
1524,1237,2000
1523,1236,2000
1523,1236,2000
1523,1236,2000
1522,1235,2000
1522,1235,2000
1522,1235,2000
1521,1234,2000
1521,1234,2000
1520,1233,2000
1520,1233,2000
1520,1233,2000
1519,1232,2000
1519,1232,2000
1519,1231,2000
1518,1231,2000
1518,1231,2000
1517,1230,2000
1517,1230,2000
1517,1230,2000
1516,1229,2000
1516,1229,2000
