1698,1750,2000
1691,1735,2000
1684,1721,2000
1676,1706,2000
1669,1692,2000
1661,1678,2000
1652,1664,2000
1644,1650,2000
1635,1636,2000
1626,1622,2000
1617,1609,2000
1608,1595,2000
1598,1582,2000
1589,1568,2000
1579,1555,2000
1568,1542,2000
1558,1529,2000
1548,1516,2000
1537,1504,2000
1526,1491,2000
1515,1478,2000
1504,1466,2000
1492,1453,2000
1481,1441,2000
1469,1429,2000
1457,1417,2000
1445,1405,2000
1433,1393,2000
1421,1381,2000
1409,1370,2000
1397,1359,2000
1384,1347,2000
1371,1336,2000
1359,1325,2000
1346,1315,2000
1333,1304,2000
1320,1293,2000
1307,1283,2000
1294,1273,2000
1281,1263,2000
1267,1254,2000
1254,1244,2000
1240,1235,2000
1227,1226,2000
1213,1217,2000
1199,1209,2000
1185,1201,2000
1171,1193,2000
1157,1185,2000
