1698,1750,1000
1691,1735,1000
1684,1721,1000
1676,1706,1000
1669,1692,1000
1661,1678,1000
1652,1664,1000
1644,1650,1000
1635,1636,1000
1626,1622,1000
1617,1609,1000
1608,1595,1000
1598,1582,1000
1589,1568,1000
1579,1555,1000
1568,1542,1000
1558,1529,1000
1548,1516,1000
1537,1504,1000
1526,1491,1000
1515,1478,1000
1504,1466,1000
1492,1453,1000
1481,1441,1000
1469,1429,1000
1457,1417,1000
1445,1405,1000
1433,1393,1000
1421,1381,1000
1409,1370,1000
1397,1359,1000
1384,1347,1000
1371,1336,1000
1359,1325,1000
1346,1315,1000
1333,1304,1000
1320,1293,1000
1307,1283,1000
1294,1273,1000
1281,1263,1000
1267,1254,1000
1254,1244,1000
1240,1235,1000
1227,1226,1000
1213,1217,1000
1199,1209,1000
1185,1201,1000
1171,1193,1000
1157,1185,1000
