1764,1766,1
1765,1769,1
1766,1771,1
1767,1773,1
1768,1776,1
1769,1778,1
1770,1781,1
1771,1783,1
1772,1785,1
1773,1788,1
1773,1790,1
1774,1793,1
1775,1795,1
1776,1797,1
1777,1800,1
1778,1802,1
1778,1805,1
1779,1807,1
1780,1810,1
1781,1812,1
1782,1815,1
1782,1817,1
1783,1820,1
1784,1822,1
1785,1825,1
1786,1827,1
1786,1830,1
1787,1832,1
1788,1835,1
1789,1837,1
1789,1840,1
1790,1842,1
1791,1845,1
1791,1847,1
1792,1850,1
1793,1852,1
1793,1855,1
1794,1858,1
1795,1860,1
1795,1863,1
1796,1865,1
1797,1868,1
1797,1871,1
1798,1873,1
1798,1876,1
1799,1879,1
1800,1881,1
1800,1884,1
1801,1887,1
1801,1890,1
1803,1889,1
1804,1888,1
1806,1887,1
1808,1886,1
1809,1886,1
1811,1885,1
1812,1884,1
1814,1884,1
1815,1883,1
1817,1882,1
1818,1881,1
1820,1881,1
1821,1880,1
1823,1879,1
1825,1879,1
1826,1878,1
1828,1877,1
1829,1877,1
1831,1876,1
1832,1875,1
1834,1875,1
1835,1874,1
1837,1874,1
1839,1873,1
1840,1872,1
1842,1872,1
1843,1871,1
1845,1871,1
1846,1870,1
1848,1870,1
1849,1869,1
1851,1869,1
1852,1868,1
1854,1867,1
1855,1867,1
1857,1866,1
1859,1866,1
1860,1865,1
1862,1865,1
1863,1864,1
1865,1864,1
1866,1864,1
1868,1863,1
1869,1863,1
1871,1862,1
1872,1862,1
1874,1861,1
1875,1861,1
1877,1860,1
1879,1860,1
1878,1857,1
1877,1855,1
1877,1852,1
1876,1850,1
1876,1847,1
1875,1845,1
1874,1843,1
1874,1840,1
1873,1838,1
1872,1835,1
1872,1833,1
1871,1830,1
1870,1828,1
1870,1825,1
1869,1823,1
1868,1821,1
1867,1818,1
1867,1816,1
1866,1813,1
1865,1811,1
1864,1808,1
1864,1806,1
1863,1804,1
1862,1801,1
1861,1799,1
1860,1797,1
1860,1794,1
1859,1792,1
1858,1789,1
1857,1787,1
1856,1785,1
1855,1782,1
1855,1780,1
1854,1778,1
1853,1775,1
1852,1773,1
1851,1771,1
1850,1768,1
1849,1766,1
1848,1763,1
1847,1761,1
1846,1759,1
1845,1756,1
1844,1754,1
1843,1752,1
1842,1749,1
1841,1747,1
1840,1745,1
1839,1743,1
1838,1740,1
1839,1740,1
1840,1740,1
1841,1740,1
1842,1739,1
1843,1739,1
1844,1739,1
1845,1739,1
1846,1739,1
1847,1738,1
1848,1738,1
1848,1738,1
1849,1738,1
1850,1738,1
1851,1738,1
1852,1737,1
1853,1737,1
1854,1737,1
1855,1737,1
1856,1737,1
1857,1737,1
1858,1736,1
1859,1736,1
1859,1736,1
1860,1736,1
1861,1736,1
1862,1736,1
1863,1735,1
1864,1735,1
1865,1735,1
1866,1735,1
1867,1735,1
1868,1735,1
1869,1735,1
1870,1734,1
1870,1734,1
1871,1734,1
1872,1734,1
1873,1734,1
1874,1734,1
1875,1734,1
1876,1734,1
1877,1733,1
1878,1733,1
1879,1733,1
1880,1733,1
1881,1733,1
1881,1733,1
1882,1733,1
1883,1733,1
1884,1733,1
1886,1735,1
1887,1737,1
1889,1740,1
1890,1742,1
1892,1744,1
1893,1747,1
1894,1749,1
1896,1751,1
1897,1754,1
1899,1756,1
1900,1758,1
1901,1761,1
1903,1763,1
1904,1765,1
1905,1768,1
1907,1770,1
1908,1772,1
1909,1775,1
1911,1777,1
1912,1779,1
1913,1782,1
1914,1784,1
1916,1786,1
1917,1789,1
1918,1791,1
1920,1794,1
1921,1796,1
1922,1798,1
1923,1801,1
1924,1803,1
1926,1805,1
1927,1808,1
1928,1810,1
1929,1813,1
1930,1815,1
1931,1817,1
1933,1820,1
1934,1822,1
1935,1825,1
1936,1827,1
1937,1829,1
1938,1832,1
1939,1834,1
1940,1837,1
1941,1839,1
1942,1841,1
1943,1844,1
1944,1846,1
1945,1849,1
1946,1851,1
1946,1849,1
1945,1846,1
1944,1844,1
1943,1841,1
1942,1839,1
1941,1836,1
1940,1834,1
1939,1831,1
1938,1829,1
1937,1826,1
1936,1824,1
1935,1821,1
1934,1819,1
1933,1816,1
1932,1814,1
1931,1811,1
1930,1809,1
1929,1806,1
1928,1804,1
1927,1801,1
1925,1799,1
1924,1796,1
1923,1794,1
1922,1791,1
1921,1789,1
1920,1787,1
1919,1784,1
1917,1782,1
1916,1779,1
1915,1777,1
1914,1774,1
1913,1772,1
1911,1769,1
1910,1767,1
1909,1765,1
1908,1762,1
1906,1760,1
1905,1757,1
1904,1755,1
1902,1752,1
1901,1750,1
1900,1748,1
1898,1745,1
1897,1743,1
1896,1740,1
1894,1738,1
1893,1735,1
1892,1733,1
1890,1731,1
1889,1728,1
1888,1726,1
1887,1725,1
1886,1723,1
1885,1721,1
1884,1719,1
1883,1718,1
1882,1716,1
1881,1714,1
1880,1712,1
1879,1710,1
1878,1709,1
1877,1707,1
1877,1705,1
1876,1703,1
1875,1702,1
1874,1700,1
1873,1698,1
1872,1696,1
1871,1695,1
1869,1693,1
1868,1691,1
1867,1689,1
1866,1688,1
1865,1686,1
1864,1684,1
1863,1682,1
1862,1680,1
1861,1679,1
1860,1677,1
1859,1675,1
1858,1673,1
1857,1672,1
1856,1670,1
1855,1668,1
1853,1666,1
1852,1665,1
1851,1663,1
1850,1661,1
1849,1659,1
1848,1658,1
1847,1656,1
1846,1654,1
1844,1652,1
1843,1651,1
1842,1649,1
1841,1647,1
1840,1645,1
1839,1643,1
1837,1642,1
1836,1640,1
1833,1641,1
1830,1641,1
1827,1642,1
1824,1642,1
1821,1643,1
1818,1644,1
1816,1645,1
1813,1645,1
1810,1646,1
1807,1647,1
1804,1648,1
1801,1649,1
1798,1650,1
1795,1651,1
1792,1651,1
1789,1652,1
1786,1653,1
1783,1654,1
1780,1655,1
1777,1657,1
1774,1658,1
1771,1659,1
1768,1660,1
1765,1661,1
1762,1662,1
1759,1663,1
1756,1665,1
1753,1666,1
1750,1667,1
1747,1669,1
1744,1670,1
1741,1671,1
1738,1673,1
1735,1674,1
1732,1676,1
1729,1677,1
1726,1679,1
1723,1680,1
1720,1682,1
1717,1683,1
1714,1685,1
1711,1687,1
1707,1688,1
1704,1690,1
1701,1692,1
1698,1694,1
1695,1695,1
1692,1697,1
1689,1699,1
1686,1701,1
1687,1700,1
1689,1699,1
1691,1698,1
1693,1697,1
1695,1696,1
1696,1695,1
1698,1694,1
1700,1693,1
1702,1692,1
1703,1691,1
1705,1690,1
1707,1689,1
1709,1689,1
1710,1688,1
1712,1687,1
1714,1686,1
1716,1685,1
1717,1684,1
1719,1683,1
1721,1682,1
1723,1682,1
1724,1681,1
1726,1680,1
1728,1679,1
1729,1678,1
1731,1678,1
1733,1677,1
1735,1676,1
1736,1675,1
1738,1675,1
1740,1674,1
1741,1673,1
1743,1672,1
1745,1672,1
1747,1671,1
1748,1670,1
1750,1670,1
1752,1669,1
1753,1668,1
1755,1668,1
1757,1667,1
1759,1666,1
1760,1666,1
1762,1665,1
1764,1664,1
1765,1664,1
1767,1663,1
1769,1662,1
1770,1662,1
1772,1661,1
1770,1660,1
1767,1658,1
1765,1657,1
1763,1655,1
1760,1653,1
1758,1652,1
1756,1650,1
1753,1649,1
1751,1647,1
1749,1646,1
1746,1644,1
1744,1642,1
1741,1641,1
1739,1639,1
1737,1638,1
1734,1636,1
1732,1635,1
1730,1633,1
1727,1632,1
1725,1630,1
1722,1629,1
1720,1627,1
1718,1626,1
1715,1624,1
1713,1623,1
1711,1621,1
1708,1620,1
1706,1618,1
1704,1617,1
1701,1616,1
1699,1614,1
1696,1613,1
1694,1611,1
1692,1610,1
1689,1608,1
1687,1607,1
1685,1606,1
1682,1604,1
1680,1603,1
1677,1602,1
1675,1600,1
1673,1599,1
1670,1597,1
1668,1596,1
1666,1595,1
1663,1593,1
1661,1592,1
1658,1591,1
1656,1589,1
1654,1588,1
1656,1589,1
1658,1591,1
1661,1592,1
1663,1593,1
1665,1595,1
1668,1596,1
1670,1598,1
1672,1599,1
1675,1600,1
1677,1602,1
1679,1603,1
1682,1605,1
1684,1606,1
1686,1607,1
1688,1609,1
1691,1610,1
1693,1612,1
1695,1613,1
1698,1615,1
1700,1616,1
1702,1618,1
1705,1619,1
1707,1620,1
1709,1622,1
1712,1623,1
1714,1625,1
1716,1626,1
1719,1628,1
1721,1629,1
1723,1631,1
1725,1632,1
1728,1634,1
1730,1635,1
1732,1637,1
1735,1639,1
1737,1640,1
1739,1642,1
1742,1643,1
1744,1645,1
1746,1646,1
1748,1648,1
1751,1649,1
1753,1651,1
1755,1653,1
1758,1654,1
1760,1656,1
1762,1657,1
1765,1659,1
1767,1661,1
1769,1662,1
1769,1660,1
1769,1657,1
1769,1655,1
1769,1652,1
1769,1650,1
1769,1647,1
1769,1645,1
1769,1642,1
1769,1640,1
1769,1638,1
1769,1635,1
1768,1633,1
1768,1630,1
1768,1628,1
1768,1625,1
1768,1623,1
1768,1621,1
1767,1618,1
1767,1616,1
1767,1613,1
1767,1611,1
1766,1609,1
1766,1606,1
1766,1604,1
1766,1601,1
1765,1599,1
1765,1597,1
1765,1594,1
1764,1592,1
1764,1589,1
1763,1587,1
1763,1585,1
1763,1582,1
1762,1580,1
1762,1577,1
1761,1575,1
1761,1573,1
1760,1570,1
1760,1568,1
1759,1565,1
1759,1563,1
1758,1561,1
1758,1558,1
1757,1556,1
1757,1554,1
1756,1551,1
1755,1549,1
1755,1546,1
1754,1544,1
1753,1542,1
1753,1542,1
1753,1542,1
1753,1542,1
1753,1542,1
1753,1542,1
1753,1542,1
1753,1542,1
1753,1542,1
1753,1542,1
1753,1542,1
1753,1542,1
1753,1542,1
1753,1542,1
1753,1542,1
1753,1542,1
1753,1542,1
1753,1542,1
1753,1542,1
1753,1542,1
1753,1542,1
1753,1542,1
1753,1542,1
1753,1542,1
1753,1542,1
1753,1542,1
1753,1542,1
1753,1542,1
1753,1542,1
1753,1542,1
1753,1542,1
1753,1542,1
1753,1542,1
1753,1542,1
1753,1542,1
1753,1542,1
1753,1542,1
1753,1542,1
1753,1542,1
1753,1542,1
1753,1542,1
1753,1542,1
1753,1542,1
1753,1542,1
1753,1542,1
1753,1542,1
1753,1542,1
1753,1542,1
1753,1542,1
1753,1542,1
1753,1542,1
1751,1540,1
1748,1539,1
1746,1538,1
1743,1537,1
1741,1535,1
1738,1534,1
1736,1533,1
1733,1532,1
1731,1530,1
1728,1529,1
1726,1528,1
1723,1527,1
1721,1526,1
1718,1524,1
1716,1523,1
1713,1522,1
1711,1521,1
1708,1520,1
1706,1519,1
1704,1518,1
1701,1516,1
1699,1515,1
1696,1514,1
1694,1513,1
1691,1512,1
1689,1511,1
1686,1510,1
1684,1509,1
1682,1508,1
1679,1507,1
1677,1506,1
1674,1505,1
1672,1504,1
1670,1503,1
1667,1502,1
1665,1501,1
1662,1500,1
1660,1499,1
1658,1498,1
1655,1497,1
1653,1496,1
1650,1495,1
1648,1494,1
1646,1493,1
1643,1492,1
1641,1491,1
1639,1491,1
1636,1490,1
1634,1489,1
1631,1488,1
1632,1487,1
1634,1487,1
1635,1486,1
1636,1486,1
1637,1485,1
1638,1485,1
1639,1484,1
1640,1483,1
1641,1483,1
1642,1482,1
1643,1482,1
1644,1481,1
1645,1481,1
1646,1480,1
1647,1480,1
1648,1479,1
1649,1479,1
1650,1478,1
1651,1478,1
1652,1477,1
1653,1477,1
1654,1476,1
1655,1476,1
1656,1475,1
1657,1475,1
1658,1474,1
1659,1474,1
1660,1474,1
1662,1473,1
1663,1473,1
1664,1472,1
1665,1472,1
1666,1471,1
1667,1471,1
1668,1470,1
1669,1470,1
1670,1470,1
1671,1469,1
1672,1469,1
1673,1468,1
1674,1468,1
1675,1468,1
1676,1467,1
1677,1467,1
1678,1466,1
1679,1466,1
1680,1466,1
1681,1465,1
1682,1465,1
1683,1465,1
1681,1463,1
1680,1462,1
1679,1461,1
1678,1460,1
1676,1458,1
1675,1457,1
1674,1456,1
1673,1455,1
1671,1453,1
1670,1452,1
1669,1451,1
1668,1450,1
1666,1449,1
1665,1447,1
1664,1446,1
1663,1445,1
1661,1444,1
1660,1442,1
1659,1441,1
1658,1440,1
1656,1439,1
1655,1438,1
1654,1436,1
1653,1435,1
1651,1434,1
1650,1433,1
1649,1431,1
1648,1430,1
1646,1429,1
1645,1428,1
1644,1427,1
1642,1425,1
1641,1424,1
1640,1423,1
1639,1422,1
1637,1420,1
1636,1419,1
1635,1418,1
1634,1417,1
1632,1416,1
1631,1414,1
1630,1413,1
1629,1412,1
1627,1411,1
1626,1409,1
1625,1408,1
1623,1407,1
1622,1406,1
1621,1405,1
1620,1403,1
1619,1404,1
1618,1404,1
1618,1405,1
1617,1405,1
1616,1406,1
1616,1406,1
1615,1407,1
1615,1407,1
1614,1408,1
1613,1408,1
1613,1409,1
1612,1409,1
1611,1410,1
1611,1410,1
1610,1411,1
1609,1411,1
1609,1412,1
1608,1412,1
1607,1413,1
1607,1413,1
1606,1414,1
1605,1414,1
1605,1415,1
1604,1415,1
1603,1416,1
1603,1416,1
1602,1417,1
1601,1418,1
1601,1418,1
1600,1419,1
1599,1419,1
1599,1420,1
1598,1420,1
1597,1421,1
1597,1421,1
1596,1422,1
1595,1423,1
1595,1423,1
1594,1424,1
1593,1424,1
1593,1425,1
1592,1425,1
1591,1426,1
1590,1426,1
1590,1427,1
1589,1428,1
1588,1428,1
1588,1429,1
1587,1429,1
1586,1430,1
1587,1429,1
1588,1428,1
1589,1427,1
1590,1426,1
1591,1424,1
1592,1423,1
1593,1422,1
1594,1421,1
1595,1420,1
1596,1419,1
1597,1418,1
1598,1417,1
1599,1416,1
1600,1415,1
1601,1414,1
1602,1413,1
1603,1412,1
1603,1411,1
1604,1410,1
1605,1409,1
1606,1408,1
1607,1407,1
1608,1406,1
1609,1405,1
1610,1404,1
1611,1403,1
1611,1402,1
1612,1401,1
1613,1400,1
1614,1399,1
1615,1398,1
1616,1397,1
1616,1396,1
1617,1395,1
1618,1394,1
1619,1393,1
1620,1392,1
1620,1391,1
1621,1390,1
1622,1389,1
1623,1388,1
1624,1388,1
1624,1387,1
1625,1386,1
1626,1385,1
1627,1384,1
1627,1383,1
1628,1382,1
1629,1381,1
1629,1381,1
1631,1382,1
1634,1384,1
1636,1386,1
1638,1388,1
1640,1390,1
1642,1392,1
1644,1394,1
1646,1396,1
1648,1397,1
1650,1399,1
1652,1401,1
1654,1403,1
1656,1405,1
1658,1407,1
1660,1409,1
1662,1411,1
1664,1412,1
1666,1414,1
1668,1416,1
1670,1418,1
1672,1420,1
1674,1422,1
1676,1424,1
1678,1426,1
1680,1428,1
1682,1429,1
1684,1431,1
1686,1433,1
1688,1435,1
1690,1437,1
1692,1439,1
1694,1441,1
1696,1443,1
1698,1445,1
1700,1446,1
1702,1448,1
1704,1450,1
1706,1452,1
1708,1454,1
1710,1456,1
1712,1458,1
1714,1460,1
1716,1462,1
1718,1464,1
1720,1465,1
1722,1467,1
1724,1469,1
1726,1471,1
1728,1473,1
1730,1475,1
1728,1472,1
1725,1469,1
1722,1467,1
1719,1464,1
1716,1461,1
1713,1459,1
1710,1456,1
1707,1453,1
1704,1450,1
1702,1448,1
1699,1445,1
1696,1442,1
1693,1439,1
1690,1437,1
1687,1434,1
1684,1431,1
1681,1429,1
1678,1426,1
1675,1423,1
1672,1420,1
1669,1418,1
1667,1415,1
1664,1412,1
1661,1410,1
1658,1407,1
1655,1404,1
1652,1402,1
1649,1399,1
1646,1396,1
1643,1393,1
1640,1391,1
1637,1388,1
1634,1385,1
1631,1383,1
1628,1380,1
1625,1377,1
1623,1375,1
1620,1372,1
1617,1369,1
1614,1367,1
1611,1364,1
1608,1361,1
1605,1359,1
1602,1356,1
1599,1353,1
1596,1351,1
1593,1348,1
1590,1345,1
1587,1343,1
1584,1340,1
1584,1341,1
1583,1342,1
1582,1343,1
1581,1344,1
1580,1344,1
1580,1345,1
1579,1346,1
1578,1347,1
1577,1348,1
1576,1349,1
1576,1350,1
1575,1351,1
1574,1352,1
1573,1353,1
1572,1354,1
1571,1354,1
1570,1355,1
1570,1356,1
1569,1357,1
1568,1358,1
1567,1359,1
1566,1360,1
1565,1361,1
1564,1362,1
1563,1363,1
1562,1364,1
1561,1365,1
1561,1366,1
1560,1367,1
1559,1368,1
1558,1369,1
1557,1370,1
1556,1371,1
1555,1373,1
1554,1374,1
1553,1375,1
1552,1376,1
1551,1377,1
1550,1378,1
1549,1379,1
1548,1380,1
1547,1381,1
1546,1382,1
1545,1383,1
1544,1384,1
1543,1386,1
1542,1387,1
1541,1388,1
1540,1389,1
1538,1390,1
1539,1390,1
1539,1389,1
1539,1389,1
1539,1388,1
1540,1388,1
1540,1387,1
1540,1387,1
1540,1387,1
1541,1386,1
1541,1386,1
1541,1385,1
1541,1385,1
1542,1384,1
1542,1384,1
1542,1383,1
1542,1383,1
1542,1383,1
1543,1382,1
1543,1382,1
1543,1381,1
1543,1381,1
1544,1380,1
1544,1380,1
1544,1379,1
1544,1379,1
1545,1379,1
1545,1378,1
1545,1378,1
1545,1377,1
1545,1377,1
1546,1376,1
1546,1376,1
1546,1376,1
1546,1375,1
1547,1375,1
1547,1374,1
1547,1374,1
1547,1373,1
1547,1373,1
1548,1372,1
1548,1372,1
1548,1372,1
1548,1371,1
1548,1371,1
1549,1370,1
1549,1370,1
1549,1369,1
1549,1369,1
1550,1369,1
1550,1368,1
1549,1367,1
1548,1366,1
1547,1366,1
1546,1365,1
1545,1364,1
1544,1363,1
1543,1362,1
1542,1362,1
1541,1361,1
1540,1360,1
1539,1359,1
1538,1358,1
1537,1358,1
1536,1357,1
1535,1356,1
1534,1355,1
1533,1354,1
1532,1354,1
1531,1353,1
1530,1352,1
1529,1351,1
1528,1350,1
1527,1349,1
1526,1349,1
1525,1348,1
1524,1347,1
1523,1346,1
1522,1346,1
1521,1345,1
1520,1344,1
1519,1343,1
1518,1342,1
1517,1342,1
1516,1341,1
1515,1340,1
1514,1339,1
1513,1338,1
1512,1338,1
1511,1337,1
1510,1336,1
1509,1335,1
1508,1334,1
1507,1334,1
1506,1333,1
1505,1332,1
1504,1331,1
1503,1331,1
1502,1330,1
1501,1329,1
1500,1328,1
1501,1328,1
1501,1327,1
1502,1326,1
1503,1326,1
1503,1325,1
1504,1324,1
1504,1324,1
1505,1323,1
1505,1322,1
1506,1322,1
1507,1321,1
1507,1321,1
1508,1320,1
1508,1319,1
1509,1319,1
1509,1318,1
1510,1318,1
1510,1317,1
1511,1316,1
1512,1316,1
1512,1315,1
1513,1315,1
1513,1314,1
1514,1313,1
1514,1313,1
1515,1312,1
1515,1312,1
1516,1311,1
1516,1310,1
1517,1310,1
1517,1309,1
1518,1309,1
1518,1308,1
1519,1308,1
1520,1307,1
1520,1306,1
1521,1306,1
1521,1305,1
1522,1305,1
1522,1304,1
1523,1304,1
1523,1303,1
1524,1302,1
1524,1302,1
1525,1301,1
1525,1301,1
1526,1300,1
1526,1300,1
1527,1299,1
1527,1299,1
1525,1297,1
1524,1295,1
1522,1293,1
1520,1292,1
1518,1290,1
1517,1288,1
1515,1287,1
1513,1285,1
1511,1283,1
1510,1282,1
1508,1280,1
1506,1278,1
1504,1277,1
1503,1275,1
1501,1273,1
1499,1272,1
1498,1270,1
1496,1268,1
1494,1266,1
1492,1265,1
1491,1263,1
1489,1261,1
1487,1260,1
1485,1258,1
1484,1256,1
1482,1255,1
1480,1253,1
1478,1251,1
1477,1250,1
1475,1248,1
1473,1246,1
1472,1245,1
1470,1243,1
1468,1241,1
1466,1240,1
1465,1238,1
1463,1236,1
1461,1235,1
1459,1233,1
1458,1231,1
1456,1230,1
1454,1228,1
1452,1227,1
1451,1225,1
1449,1223,1
1447,1222,1
1445,1220,1
1444,1218,1
1442,1217,1
1440,1215,1
1440,1216,1
1440,1218,1
1440,1219,1
1439,1220,1
1439,1222,1
1439,1223,1
1439,1224,1
1439,1225,1
1438,1227,1
1438,1228,1
1438,1229,1
1438,1231,1
1437,1232,1
1437,1233,1
1437,1235,1
1436,1236,1
1436,1237,1
1436,1239,1
1436,1240,1
1435,1241,1
1435,1242,1
1435,1244,1
1434,1245,1
1434,1246,1
1434,1248,1
1433,1249,1
1433,1250,1
1433,1252,1
1432,1253,1
1432,1254,1
1431,1256,1
1431,1257,1
1431,1258,1
1430,1260,1
1430,1261,1
1429,1262,1
1429,1264,1
1429,1265,1
1428,1266,1
1428,1268,1
1427,1269,1
1427,1271,1
1426,1272,1
1426,1273,1
1425,1275,1
1425,1276,1
1425,1277,1
1424,1279,1
1424,1280,1
1423,1281,1
1422,1280,1
1420,1279,1
1419,1277,1
1418,1276,1
1417,1275,1
1415,1273,1
1414,1272,1
1413,1271,1
1411,1269,1
1410,1268,1
1409,1267,1
1407,1266,1
1406,1264,1
1405,1263,1
1403,1262,1
1402,1260,1
1401,1259,1
1399,1258,1
1398,1256,1
1397,1255,1
1395,1254,1
1394,1252,1
1393,1251,1
1391,1250,1
1390,1248,1
1389,1247,1
1387,1246,1
1386,1245,1
1385,1243,1
1383,1242,1
1382,1241,1
1381,1239,1
1379,1238,1
1378,1237,1
1377,1236,1
1375,1234,1
1374,1233,1
1373,1232,1
1371,1230,1
1370,1229,1
1369,1228,1
1367,1227,1
1366,1225,1
1365,1224,1
1363,1223,1
1362,1221,1
1361,1220,1
1359,1219,1
1358,1218,1
1357,1216,1
1357,1216,1
1358,1215,1
1358,1214,1
1359,1214,1
1359,1213,1
1360,1213,1
1360,1212,1
1361,1211,1
1361,1211,1
1362,1210,1
1362,1209,1
1363,1209,1
1363,1208,1
1364,1208,1
1364,1207,1
1365,1206,1
1365,1206,1
1366,1205,1
1366,1204,1
1367,1204,1
1367,1203,1
1368,1203,1
1368,1202,1
1368,1201,1
1369,1201,1
1369,1200,1
1370,1200,1
1370,1199,1
1371,1198,1
1371,1198,1
1372,1197,1
1372,1197,1
1373,1196,1
1373,1195,1
1374,1195,1
1374,1194,1
1375,1194,1
1375,1193,1
1375,1192,1
1376,1192,1
1376,1191,1
1377,1191,1
1377,1190,1
1378,1190,1
1378,1189,1
1379,1188,1
1379,1188,1
1379,1187,1
1380,1187,1
1380,1186,1
1382,1187,1
1383,1189,1
1384,1190,1
1386,1191,1
1387,1193,1
1388,1194,1
1390,1196,1
1391,1197,1
1392,1198,1
1394,1200,1
1395,1201,1
1396,1202,1
1398,1204,1
1399,1205,1
1400,1206,1
1402,1208,1
1403,1209,1
1404,1211,1
1406,1212,1
1407,1213,1
1408,1215,1
1410,1216,1
1411,1217,1
1412,1219,1
1413,1220,1
1415,1222,1
1416,1223,1
1417,1224,1
1419,1226,1
1420,1227,1
1421,1229,1
1423,1230,1
1424,1231,1
1425,1233,1
1427,1234,1
1428,1235,1
1429,1237,1
1431,1238,1
1432,1240,1
1433,1241,1
1434,1242,1
1436,1244,1
1437,1245,1
1438,1247,1
1440,1248,1
1441,1249,1
1442,1251,1
1444,1252,1
1445,1254,1
1446,1255,1
1446,1254,1
1446,1253,1
1446,1252,1
1446,1251,1
1446,1250,1
1446,1249,1
1446,1248,1
1446,1247,1
1446,1246,1
1446,1245,1
1446,1245,1
1446,1244,1
1446,1243,1
1446,1242,1
1446,1241,1
1446,1240,1
1446,1239,1
1446,1238,1
1446,1237,1
1446,1236,1
1446,1235,1
1446,1234,1
1446,1233,1
1446,1232,1
1446,1231,1
1446,1230,1
1446,1229,1
1446,1228,1
1446,1228,1
1446,1227,1
1445,1226,1
1445,1225,1
1445,1224,1
1445,1223,1
1445,1222,1
1445,1221,1
1445,1220,1
1445,1219,1
1445,1218,1
1445,1217,1
1445,1216,1
1445,1215,1
1444,1214,1
1444,1213,1
1444,1212,1
1444,1211,1
1444,1211,1
1444,1210,1
1444,1209,1
1444,1208,1
1442,1206,1
1441,1205,1
1439,1204,1
1438,1202,1
1436,1201,1
1435,1200,1
1433,1199,1
1432,1197,1
1430,1196,1
1429,1195,1
1427,1193,1
1426,1192,1
1424,1191,1
1423,1190,1
1421,1188,1
1420,1187,1
1418,1186,1
1417,1184,1
1415,1183,1
1414,1182,1
1412,1181,1
1411,1179,1
1410,1178,1
1408,1177,1
1407,1176,1
1405,1174,1
1404,1173,1
1402,1172,1
1401,1171,1
1399,1169,1
1398,1168,1
1396,1167,1
1395,1166,1
1393,1165,1
1392,1163,1
1390,1162,1
1389,1161,1
1387,1160,1
1386,1158,1
1385,1157,1
1383,1156,1
1382,1155,1
1380,1154,1
1379,1152,1
1377,1151,1
1376,1150,1
1374,1149,1
1373,1148,1
1371,1146,1
1370,1145,1
1369,1146,1
1368,1147,1
1367,1147,1
1366,1148,1
1365,1149,1
1364,1149,1
1363,1150,1
1362,1151,1
1360,1152,1
1359,1152,1
1358,1153,1
1357,1154,1
1356,1155,1
1355,1155,1
1354,1156,1
1353,1157,1
1352,1158,1
1351,1159,1
1350,1159,1
1348,1160,1
1347,1161,1
1346,1162,1
1345,1163,1
1344,1163,1
1343,1164,1
1342,1165,1
1340,1166,1
1339,1167,1
1338,1168,1
1337,1169,1
1336,1169,1
1335,1170,1
1333,1171,1
1332,1172,1
1331,1173,1
1330,1174,1
1329,1175,1
1327,1176,1
1326,1177,1
1325,1178,1
1324,1178,1
1322,1179,1
1321,1180,1
1320,1181,1
1319,1182,1
1317,1183,1
1316,1184,1
1315,1185,1
1314,1186,1
1312,1187,1
1310,1185,1
1307,1183,1
1304,1181,1
1302,1179,1
1299,1177,1
1297,1175,1
1294,1173,1
1291,1171,1
1289,1169,1
1286,1168,1
1284,1166,1
1281,1164,1
1278,1162,1
1276,1160,1
1273,1158,1
1270,1156,1
1268,1154,1
1265,1153,1
1263,1151,1
1260,1149,1
1257,1147,1
1255,1145,1
1252,1144,1
1249,1142,1
1247,1140,1
1244,1138,1
1241,1136,1
1239,1135,1
1236,1133,1
1234,1131,1
1231,1130,1
1228,1128,1
1226,1126,1
1223,1124,1
1220,1123,1
1218,1121,1
1215,1119,1
1212,1118,1
1210,1116,1
1207,1115,1
1204,1113,1
1202,1111,1
1199,1110,1
1196,1108,1
1194,1107,1
1191,1105,1
1188,1103,1
1186,1102,1
1183,1100,1
1180,1099,1
1182,1100,1
1183,1100,1
1184,1101,1
1186,1102,1
1187,1103,1
1188,1103,1
1189,1104,1
1191,1105,1
1192,1106,1
1193,1107,1
1195,1107,1
1196,1108,1
1197,1109,1
1198,1110,1
1200,1111,1
1201,1111,1
1202,1112,1
1204,1113,1
1205,1114,1
1206,1115,1
1207,1115,1
1209,1116,1
1210,1117,1
1211,1118,1
1213,1119,1
1214,1120,1
1215,1120,1
1216,1121,1
1218,1122,1
1219,1123,1
1220,1124,1
1222,1125,1
1223,1125,1
1224,1126,1
1225,1127,1
1227,1128,1
1228,1129,1
1229,1130,1
1230,1131,1
1232,1131,1
1233,1132,1
1234,1133,1
1236,1134,1
1237,1135,1
1238,1136,1
1239,1137,1
1241,1138,1
1242,1138,1
1243,1139,1
1244,1140,1
1245,1139,1
1246,1137,1
1246,1136,1
1247,1135,1
1247,1133,1
1248,1132,1
1249,1130,1
1249,1129,1
1250,1128,1
1250,1126,1
1251,1125,1
1251,1123,1
1252,1122,1
1252,1121,1
1253,1119,1
1253,1118,1
1254,1116,1
1254,1115,1
1255,1114,1
1255,1112,1
1256,1111,1
1256,1109,1
1257,1108,1
1257,1107,1
1258,1105,1
1258,1104,1
1259,1102,1
1259,1101,1
1260,1100,1
1260,1098,1
1260,1097,1
1261,1096,1
1261,1094,1
1262,1093,1
1262,1091,1
1262,1090,1
1263,1089,1
1263,1087,1
1264,1086,1
1264,1085,1
1264,1083,1
1265,1082,1
1265,1080,1
1265,1079,1
1266,1078,1
1266,1076,1
1266,1075,1
1267,1074,1
1267,1072,1
1267,1071,1
1267,1074,1
1266,1076,1
1266,1079,1
1265,1082,1
1264,1085,1
1264,1088,1
1263,1090,1
1262,1093,1
1261,1096,1
1261,1099,1
1260,1102,1
1259,1105,1
1258,1107,1
1257,1110,1
1256,1113,1
1256,1116,1
1255,1119,1
1254,1121,1
1253,1124,1
1252,1127,1
1251,1130,1
1250,1133,1
1248,1136,1
1247,1139,1
1246,1141,1
1245,1144,1
1244,1147,1
1243,1150,1
1241,1153,1
1240,1156,1
1239,1159,1
1238,1162,1
1236,1165,1
1235,1167,1
1234,1170,1
1232,1173,1
1231,1176,1
1229,1179,1
1228,1182,1
1226,1185,1
1225,1188,1
1223,1191,1
1222,1194,1
1220,1197,1
1218,1200,1
1217,1203,1
1215,1206,1
1213,1209,1
1211,1212,1
