1466,1426,2000
1463,1423,2000
1460,1420,2000
1457,1417,2000
1454,1414,2000
1451,1411,2000
1448,1408,2000
1445,1405,2000
1442,1402,2000
1439,1399,2000
1436,1396,2000
1433,1393,2000
1430,1390,2000
1427,1387,2000
1424,1384,2000
1421,1381,2000
1418,1379,2000
1415,1376,2000
1412,1373,2000
1409,1370,2000
1406,1367,2000
1403,1364,2000
1400,1361,2000
1397,1359,2000
1393,1356,2000
1390,1353,2000
1387,1350,2000
1384,1347,2000
1381,1345,2000
1378,1342,2000
1375,1339,2000
1371,1336,2000
1368,1333,2000
1365,1331,2000
1362,1328,2000
1359,1325,2000
1356,1323,2000
1352,1320,2000
1349,1317,2000
1346,1315,2000
1343,1312,2000
1340,1309,2000
1336,1307,2000
1333,1304,2000
1330,1301,2000
1327,1299,2000
1323,1296,2000
1320,1293,2000
1317,1291,2000
1314,1288,2000
1315,1286,2000
1317,1283,2000
1319,1280,2000
1321,1278,2000
1322,1275,2000
1324,1273,2000
1326,1270,2000
1327,1268,2000
1329,1265,2000
1330,1263,2000
1332,1260,2000
1334,1258,2000
1335,1255,2000
1337,1253,2000
1338,1250,2000
1339,1248,2000
1341,1245,2000
1342,1243,2000
1344,1240,2000
1345,1238,2000
1346,1235,2000
1348,1233,2000
1349,1231,2000
1350,1228,2000
1352,1226,2000
1353,1223,2000
1354,1221,2000
1355,1219,2000
1357,1216,2000
1358,1214,2000
1359,1212,2000
1360,1209,2000
1361,1207,2000
1362,1205,2000
1363,1202,2000
1364,1200,2000
1365,1198,2000
1366,1195,2000
1367,1193,2000
1368,1191,2000
1369,1189,2000
1370,1186,2000
1371,1184,2000
1372,1182,2000
1373,1180,2000
1374,1177,2000
1375,1175,2000
1375,1173,2000
1376,1171,2000
1377,1168,2000
1381,1172,2000
1384,1175,2000
1388,1178,2000
1392,1182,2000
1396,1185,2000
1399,1188,2000
1403,1192,2000
1407,1195,2000
1410,1199,2000
1414,1202,2000
1418,1205,2000
1422,1209,2000
1425,1212,2000
1429,1216,2000
1433,1219,2000
1437,1223,2000
1440,1226,2000
1444,1230,2000
1448,1233,2000
1451,1237,2000
1455,1240,2000
1459,1244,2000
1463,1247,2000
1466,1251,2000
1470,1254,2000
1474,1258,2000
1477,1261,2000
1481,1265,2000
1485,1268,2000
1489,1272,2000
1492,1276,2000
1496,1279,2000
1500,1283,2000
1503,1286,2000
1507,1290,2000
1511,1294,2000
1514,1297,2000
1518,1301,2000
1522,1304,2000
1525,1308,2000
1529,1312,2000
1533,1315,2000
1537,1319,2000
1540,1323,2000
1544,1326,2000
1548,1330,2000
1551,1334,2000
1555,1337,2000
1558,1341,2000
1562,1345,2000
1561,1346,2000
1559,1347,2000
1557,1348,2000
1556,1350,2000
1554,1351,2000
1553,1353,2000
1551,1354,2000
1550,1355,2000
1548,1357,2000
1546,1358,2000
1545,1360,2000
1543,1361,2000
1541,1363,2000
1539,1364,2000
1538,1366,2000
1536,1367,2000
1534,1369,2000
1533,1370,2000
1531,1372,2000
1529,1374,2000
1527,1375,2000
1525,1377,2000
1524,1378,2000
1522,1380,2000
1520,1382,2000
1518,1383,2000
1516,1385,2000
1514,1387,2000
1512,1389,2000
1510,1390,2000
1508,1392,2000
1507,1394,2000
1505,1396,2000
1503,1398,2000
1501,1399,2000
1499,1401,2000
1497,1403,2000
1495,1405,2000
1493,1407,2000
1490,1409,2000
1488,1411,2000
1486,1413,2000
1484,1415,2000
1482,1417,2000
1480,1419,2000
1478,1421,2000
1476,1423,2000
1473,1425,2000
1471,1427,2000
