1466,1426,1000
1463,1423,1000
1460,1420,1000
1457,1417,1000
1454,1414,1000
1451,1411,1000
1448,1408,1000
1445,1405,1000
1442,1402,1000
1439,1399,1000
1436,1396,1000
1433,1393,1000
1430,1390,1000
1427,1387,1000
1424,1384,1000
1421,1381,1000
1418,1379,1000
1415,1376,1000
1412,1373,1000
1409,1370,1000
1406,1367,1000
1403,1364,1000
1400,1361,1000
1397,1359,1000
1393,1356,1000
1390,1353,1000
1387,1350,1000
1384,1347,1000
1381,1345,1000
1378,1342,1000
1375,1339,1000
1371,1336,1000
1368,1333,1000
1365,1331,1000
1362,1328,1000
1359,1325,1000
1356,1323,1000
1352,1320,1000
1349,1317,1000
1346,1315,1000
1343,1312,1000
1340,1309,1000
1336,1307,1000
1333,1304,1000
1330,1301,1000
1327,1299,1000
1323,1296,1000
1320,1293,1000
1317,1291,1000
1314,1288,1000
1315,1286,1000
1317,1283,1000
1319,1280,1000
1321,1278,1000
1322,1275,1000
1324,1273,1000
1326,1270,1000
1327,1268,1000
1329,1265,1000
1330,1263,1000
1332,1260,1000
1334,1258,1000
1335,1255,1000
1337,1253,1000
1338,1250,1000
1339,1248,1000
1341,1245,1000
1342,1243,1000
1344,1240,1000
1345,1238,1000
1346,1235,1000
1348,1233,1000
1349,1231,1000
1350,1228,1000
1352,1226,1000
1353,1223,1000
1354,1221,1000
1355,1219,1000
1357,1216,1000
1358,1214,1000
1359,1212,1000
1360,1209,1000
1361,1207,1000
1362,1205,1000
1363,1202,1000
1364,1200,1000
1365,1198,1000
1366,1195,1000
1367,1193,1000
1368,1191,1000
1369,1189,1000
1370,1186,1000
1371,1184,1000
1372,1182,1000
1373,1180,1000
1374,1177,1000
1375,1175,1000
1375,1173,1000
1376,1171,1000
1377,1168,1000
1381,1172,1000
1384,1175,1000
1388,1178,1000
1392,1182,1000
1396,1185,1000
1399,1188,1000
1403,1192,1000
1407,1195,1000
1410,1199,1000
1414,1202,1000
1418,1205,1000
1422,1209,1000
1425,1212,1000
1429,1216,1000
1433,1219,1000
1437,1223,1000
1440,1226,1000
1444,1230,1000
1448,1233,1000
1451,1237,1000
1455,1240,1000
1459,1244,1000
1463,1247,1000
1466,1251,1000
1470,1254,1000
1474,1258,1000
1477,1261,1000
1481,1265,1000
1485,1268,1000
1489,1272,1000
1492,1276,1000
1496,1279,1000
1500,1283,1000
1503,1286,1000
1507,1290,1000
1511,1294,1000
1514,1297,1000
1518,1301,1000
1522,1304,1000
1525,1308,1000
1529,1312,1000
1533,1315,1000
1537,1319,1000
1540,1323,1000
1544,1326,1000
1548,1330,1000
1551,1334,1000
1555,1337,1000
1558,1341,1000
1562,1345,1000
1561,1346,1000
1559,1347,1000
1557,1348,1000
1556,1350,1000
1554,1351,1000
1553,1353,1000
1551,1354,1000
1550,1355,1000
1548,1357,1000
1546,1358,1000
1545,1360,1000
1543,1361,1000
1541,1363,1000
1539,1364,1000
1538,1366,1000
1536,1367,1000
1534,1369,1000
1533,1370,1000
1531,1372,1000
1529,1374,1000
1527,1375,1000
1525,1377,1000
1524,1378,1000
1522,1380,1000
1520,1382,1000
1518,1383,1000
1516,1385,1000
1514,1387,1000
1512,1389,1000
1510,1390,1000
1508,1392,1000
1507,1394,1000
1505,1396,1000
1503,1398,1000
1501,1399,1000
1499,1401,1000
1497,1403,1000
1495,1405,1000
1493,1407,1000
1490,1409,1000
1488,1411,1000
1486,1413,1000
1484,1415,1000
1482,1417,1000
1480,1419,1000
1478,1421,1000
1476,1423,1000
1473,1425,1000
1471,1427,1000
