1466,1426,1
1463,1423,1
1460,1420,1
1457,1417,1
1454,1414,1
1451,1411,1
1448,1408,1
1445,1405,1
1442,1402,1
1439,1399,1
1436,1396,1
1433,1393,1
1430,1390,1
1427,1387,1
1424,1384,1
1421,1381,1
1418,1379,1
1415,1376,1
1412,1373,1
1409,1370,1
1406,1367,1
1403,1364,1
1400,1361,1
1397,1359,1
1393,1356,1
1390,1353,1
1387,1350,1
1384,1347,1
1381,1345,1
1378,1342,1
1375,1339,1
1371,1336,1
1368,1333,1
1365,1331,1
1362,1328,1
1359,1325,1
1356,1323,1
1352,1320,1
1349,1317,1
1346,1315,1
1343,1312,1
1340,1309,1
1336,1307,1
1333,1304,1
1330,1301,1
1327,1299,1
1323,1296,1
1320,1293,1
1317,1291,1
1314,1288,1
1315,1286,1
1317,1283,1
1319,1280,1
1321,1278,1
1322,1275,1
1324,1273,1
1326,1270,1
1327,1268,1
1329,1265,1
1330,1263,1
1332,1260,1
1334,1258,1
1335,1255,1
1337,1253,1
1338,1250,1
1339,1248,1
1341,1245,1
1342,1243,1
1344,1240,1
1345,1238,1
1346,1235,1
1348,1233,1
1349,1231,1
1350,1228,1
1352,1226,1
1353,1223,1
1354,1221,1
1355,1219,1
1357,1216,1
1358,1214,1
1359,1212,1
1360,1209,1
1361,1207,1
1362,1205,1
1363,1202,1
1364,1200,1
1365,1198,1
1366,1195,1
1367,1193,1
1368,1191,1
1369,1189,1
1370,1186,1
1371,1184,1
1372,1182,1
1373,1180,1
1374,1177,1
1375,1175,1
1375,1173,1
1376,1171,1
1377,1168,1
1381,1172,1
1384,1175,1
1388,1178,1
1392,1182,1
1396,1185,1
1399,1188,1
1403,1192,1
1407,1195,1
1410,1199,1
1414,1202,1
1418,1205,1
1422,1209,1
1425,1212,1
1429,1216,1
1433,1219,1
1437,1223,1
1440,1226,1
1444,1230,1
1448,1233,1
1451,1237,1
1455,1240,1
1459,1244,1
1463,1247,1
1466,1251,1
1470,1254,1
1474,1258,1
1477,1261,1
1481,1265,1
1485,1268,1
1489,1272,1
1492,1276,1
1496,1279,1
1500,1283,1
1503,1286,1
1507,1290,1
1511,1294,1
1514,1297,1
1518,1301,1
1522,1304,1
1525,1308,1
1529,1312,1
1533,1315,1
1537,1319,1
1540,1323,1
1544,1326,1
1548,1330,1
1551,1334,1
1555,1337,1
1558,1341,1
1562,1345,1
1561,1346,1
1559,1347,1
1557,1348,1
1556,1350,1
1554,1351,1
1553,1353,1
1551,1354,1
1550,1355,1
1548,1357,1
1546,1358,1
1545,1360,1
1543,1361,1
1541,1363,1
1539,1364,1
1538,1366,1
1536,1367,1
1534,1369,1
1533,1370,1
1531,1372,1
1529,1374,1
1527,1375,1
1525,1377,1
1524,1378,1
1522,1380,1
1520,1382,1
1518,1383,1
1516,1385,1
1514,1387,1
1512,1389,1
1510,1390,1
1508,1392,1
1507,1394,1
1505,1396,1
1503,1398,1
1501,1399,1
1499,1401,1
1497,1403,1
1495,1405,1
1493,1407,1
1490,1409,1
1488,1411,1
1486,1413,1
1484,1415,1
1482,1417,1
1480,1419,1
1478,1421,1
1476,1423,1
1473,1425,1
1471,1427,1
